
iteration,x,y,theta
0,0.000000,-0.000000,0.000000
1,-981.100708,-1196.885864,-4.514883
2,-990.676025,-1149.036987,-4.514883
3,-999.293762,-1105.973022,-4.514883
4,-1007.049805,-1067.215454,-4.514883
5,-1014.030151,-1032.333618,-4.514883
6,-1020.312500,-1000.939941,-4.514883
7,-1025.966675,-972.685669,-4.514883
8,-1031.055298,-947.256836,-4.514883
9,-1035.635132,-924.370850,-4.514883
10,-1039.757080,-903.773499,-4.514883
11,-1043.466675,-885.235840,-4.514883
12,-1046.805420,-868.552002,-4.514883
13,-1049.810181,-853.536499,-4.514883
14,-1052.514526,-840.022522,-4.514883
15,-1054.948486,-827.859985,-4.514883
16,-1057.139038,-816.913696,-4.514883
17,-1059.110474,-807.062073,-4.514883
18,-1060.884766,-798.195557,-4.514883
19,-1062.481689,-790.215759,-4.514883
20,-1063.918823,-783.033875,-4.514883
21,-1065.212402,-776.570190,-4.514883
22,-1066.376465,-770.752869,-4.514883
23,-1067.424194,-765.517334,-4.514883
24,-1068.367188,-760.805298,-4.514883
25,-1069.215820,-756.564514,-4.514883
26,-1069.979614,-752.747742,-4.514883
27,-1070.666992,-749.312683,-4.514883
28,-1071.285645,-746.221130,-4.514883
29,-1071.842529,-743.438721,-4.514883
30,-1072.343628,-740.934570,-4.514883
31,-1072.794556,-738.680847,-4.514883
32,-1073.200562,-736.652466,-4.514883
33,-1073.565796,-734.826904,-4.514883
34,-1073.894653,-733.183960,-4.514883
35,-1074.190552,-731.705261,-4.514883
36,-1074.456787,-730.374451,-4.514883
37,-1074.696533,-729.176697,-4.514883
38,-1074.912231,-728.098755,-4.514883
39,-1075.106323,-727.128601,-4.514883
40,-1075.281128,-726.255432,-4.514883
41,-1075.438354,-725.469604,-4.514883
42,-1075.579956,-724.762390,-4.514883
43,-1075.707275,-724.125854,-4.514883
44,-1075.821899,-723.552979,-4.514883
45,-1075.925049,-723.037354,-4.514883
46,-1076.017944,-722.573364,-4.514883
47,-1076.101562,-722.155701,-4.514883
48,-1076.176758,-721.779846,-4.514883
49,-1076.244385,-721.441589,-4.514883
50,-1076.305420,-721.137146,-4.514883
51,-1076.360229,-720.863159,-4.514883
52,-1076.409546,-720.616577,-4.514883
53,-1076.453979,-720.394592,-4.514883
54,-1076.493896,-720.194885,-4.514883
55,-1076.529907,-720.015076,-4.514883
56,-1076.562256,-719.853271,-4.514883
57,-1076.591431,-719.707642,-4.514883
58,-1076.617676,-719.576599,-4.514883
59,-1076.641235,-719.458679,-4.514883
60,-1076.662476,-719.352539,-4.514883
61,-1076.681641,-719.256958,-4.514883
62,-1076.698853,-719.171021,-4.514883
63,-1076.714355,-719.093628,-4.514883
64,-1076.728271,-719.023987,-4.514883
65,-1076.740845,-718.961304,-4.514883
66,-1076.752075,-718.904846,-4.514883
67,-1076.762207,-718.854126,-4.514883
68,-1076.771362,-718.808411,-4.514883
69,-1076.779663,-718.767273,-4.514883
70,-1076.786987,-718.730286,-4.514883
71,-1076.793701,-718.696960,-4.514883
72,-1076.799683,-718.666931,-4.514883
73,-1076.805054,-718.639954,-4.514883
74,-1076.809937,-718.615723,-4.514883
75,-1076.814331,-718.593811,-4.514883
76,-1076.818237,-718.574158,-4.514883
77,-1076.821777,-718.556458,-4.514883
78,-1076.824951,-718.540527,-4.514883
79,-1076.827881,-718.526184,-4.514883
80,-1076.830444,-718.513306,-4.514883
81,-1076.832764,-718.501648,-4.514883
82,-1076.834839,-718.491211,-4.514883
83,-1076.836792,-718.481812,-4.514883
84,-1076.838379,-718.473328,-4.514883
85,-1076.839966,-718.465698,-4.514883
86,-1076.841309,-718.458862,-4.514883
87,-1076.842529,-718.452698,-4.514883
88,-1076.843628,-718.447144,-4.514883
89,-1076.844727,-718.442139,-4.514883
90,-1076.845581,-718.437622,-4.514883
91,-1076.846436,-718.433594,-4.514883
92,-1076.847168,-718.429932,-4.514883
93,-1076.847778,-718.426636,-4.514883
94,-1076.848389,-718.423706,-4.514883
95,-1076.848877,-718.421082,-4.514883
96,-1076.849365,-718.418640,-4.514883
97,-1076.849854,-718.416504,-4.514883
98,-1076.850220,-718.414551,-4.514883
99,-1076.850586,-718.412842,-4.514883
100,-1076.850830,-718.411255,-4.514883
101,-1076.851196,-718.409851,-4.514883
102,-1076.851440,-718.408569,-4.514883
103,-1076.851562,-718.407410,-4.514883
104,-1076.851807,-718.406372,-4.514883
105,-1076.852051,-718.405457,-4.514883
106,-1076.852173,-718.404663,-4.514883
107,-1076.852295,-718.403870,-4.514883
108,-1076.852417,-718.403198,-4.514883
109,-1076.852539,-718.402588,-4.514883
110,-1076.852661,-718.402039,-4.514883
111,-1076.852783,-718.401550,-4.514883
112,-1076.852905,-718.401123,-4.514883
113,-1076.852905,-718.400757,-4.514883
114,-1076.853027,-718.400391,-4.514883
115,-1076.853149,-718.400024,-4.514883
116,-1076.853149,-718.399780,-4.514883
117,-1076.853271,-718.399475,-4.514883
118,-1076.853271,-718.399231,-4.514883
119,-1076.853271,-718.399048,-4.514883
120,-1076.853394,-718.398865,-4.514883
121,-1076.853394,-718.398682,-4.514883
122,-1076.853394,-718.398560,-4.514883
123,-1076.853394,-718.398376,-4.514883
124,-1076.853516,-718.398254,-4.514883
125,-1076.853516,-718.398132,-4.514883
126,-1076.853516,-718.398071,-4.514883
127,-1076.853516,-718.397949,-4.514883
128,-1076.853516,-718.397888,-4.514883
129,-1076.853516,-718.397766,-4.514883
130,-1076.853516,-718.397705,-4.514883
131,-1076.853516,-718.397644,-4.514883
132,-1076.853638,-718.397644,-4.514883
133,-1076.853638,-718.397583,-4.514883
134,-1076.853638,-718.397522,-4.514883
135,-1076.853638,-718.397461,-4.514883
136,-1076.853638,-718.397461,-4.514883
137,-1076.853638,-718.397400,-4.514883
138,-1076.853638,-718.397339,-4.514883
139,-1076.853638,-718.397339,-4.514883
140,-1076.853638,-718.397339,-4.514883
141,-1076.853638,-718.397278,-4.514883
142,-1076.853638,-718.397278,-4.514883
143,-1076.853638,-718.397278,-4.514883
144,-1076.853638,-718.397217,-4.514883
145,-1076.853638,-718.397217,-4.514883
146,-1076.853638,-718.397217,-4.514883
147,-1076.853638,-718.397217,-4.514883
148,-1076.853638,-718.397217,-4.514883
149,-1076.853638,-718.397156,-4.514883
150,-1076.853638,-718.397156,-4.514883
151,-1076.853638,-718.397156,-4.514883
152,-1076.853638,-718.397156,-4.514883
153,-1076.853638,-718.397156,-4.514883
154,-1076.853638,-718.397156,-4.514883
155,-1076.853638,-718.397156,-4.514883
156,-1076.853638,-718.397156,-4.514883
157,-1076.853638,-718.397156,-4.514883
158,-1076.853638,-718.397156,-4.514883
159,-1076.853638,-718.397095,-4.514883
160,-1076.853638,-718.397095,-4.514883
161,-1076.853638,-718.397095,-4.514883
162,-1076.853638,-718.397095,-4.514883
163,-1076.853638,-718.397095,-4.514883
164,-1076.853638,-718.397095,-4.514883
165,-1076.853638,-718.397095,-4.514883
166,-1076.853638,-718.397095,-4.514883
167,-1076.853638,-718.397095,-4.514883
168,-1076.853638,-718.397095,-4.514883
169,-1076.853638,-718.397095,-4.514883
170,-1076.853638,-718.397095,-4.514883
171,-1076.853638,-718.397095,-4.514883
172,-1076.853638,-718.397095,-4.514883
173,-1076.853638,-718.397095,-4.514883
174,-1076.853638,-718.397095,-4.514883
175,-1076.853638,-718.397095,-4.514883
176,-1076.853638,-718.397095,-4.514883
177,-1076.853638,-718.397095,-4.514883
178,-1076.853638,-718.397095,-4.514883
179,-1076.853638,-718.397095,-4.514883
180,-1076.853638,-718.397095,-4.514883
181,-1076.853638,-718.397095,-4.514883
182,-1076.853638,-718.397095,-4.514883
183,-1076.853638,-718.397095,-4.514883
184,-1076.853638,-718.397095,-4.514883
185,-1076.853638,-718.397095,-4.514883
186,-1076.853638,-718.397095,-4.514883
187,-1076.853638,-718.397095,-4.514883
188,-1076.853638,-718.397095,-4.514883
189,-1076.853638,-718.397095,-4.514883
190,-1076.853638,-718.397095,-4.514883
191,-1076.853638,-718.397095,-4.514883
192,-1076.853638,-718.397095,-4.514883
193,-1076.853638,-718.397095,-4.514883
194,-1076.853638,-718.397095,-4.514883
195,-1076.853638,-718.397095,-4.514883
196,-1076.853638,-718.397095,-4.514883
197,-1076.853638,-718.397095,-4.514883
198,-1076.853638,-718.397095,-4.514883
199,-1076.853638,-718.397095,-4.514883
200,-1076.853638,-718.397095,-4.514883
201,-1076.853638,-718.397095,-4.514883
202,-1076.853638,-718.397095,-4.514883
203,-1076.853638,-718.397095,-4.514883
204,-1076.853638,-718.397095,-4.514883
205,-1076.853638,-718.397095,-4.514883
206,-1076.853638,-718.397095,-4.514883
207,-1076.853638,-718.397095,-4.514883
208,-1076.853638,-718.397095,-4.514883
209,-1076.853638,-718.397095,-4.514883
210,-1076.853638,-718.397095,-4.514883
211,-1076.853638,-718.397095,-4.514883
212,-1076.853638,-718.397095,-4.514883
213,-1076.853638,-718.397095,-4.514883
214,-1076.853638,-718.397095,-4.514883
215,-1076.853638,-718.397095,-4.514883
216,-1076.853638,-718.397095,-4.514883
217,-1076.853638,-718.397095,-4.514883
218,-1076.853638,-718.397095,-4.514883
219,-1076.853638,-718.397095,-4.514883
220,-1076.853638,-718.397095,-4.514883
221,-1076.853638,-718.397095,-4.514883
222,-1076.853638,-718.397095,-4.514883
223,-1076.853638,-718.397095,-4.514883
224,-1076.853638,-718.397095,-4.514883
225,-1076.853638,-718.397095,-4.514883
226,-1076.853638,-718.397095,-4.514883
227,-1076.853638,-718.397095,-4.514883
228,-1076.853638,-718.397095,-4.514883
229,-1076.853638,-718.397095,-4.514883
230,-1076.853638,-718.397095,-4.514883
231,-1076.853638,-718.397095,-4.514883
232,-1076.853638,-718.397095,-4.514883
233,-1076.853638,-718.397095,-4.514883
234,-1076.853638,-718.397095,-4.514883
235,-1076.853638,-718.397095,-4.514883
236,-1076.853638,-718.397095,-4.514883
237,-1076.853638,-718.397095,-4.514883
238,-1076.853638,-718.397095,-4.514883
239,-1076.853638,-718.397095,-4.514883
240,-1076.853638,-718.397095,-4.514883
241,-1076.853638,-718.397095,-4.514883
242,-1076.853638,-718.397095,-4.514883
243,-1076.853638,-718.397095,-4.514883
244,-1076.853638,-718.397095,-4.514883
245,-1076.853638,-718.397095,-4.514883
246,-1076.853638,-718.397095,-4.514883
247,-1076.853638,-718.397095,-4.514883
248,-1076.853638,-718.397095,-4.514883
249,-1076.853638,-718.397095,-4.514883
250,-1076.853638,-718.397095,-4.514883
251,-1076.853638,-718.397095,-4.514883
252,-1076.853638,-718.397095,-4.514883
253,-1076.853638,-718.397095,-4.514883
254,-1076.853638,-718.397095,-4.514883
255,-1076.853638,-718.397095,-4.514883
256,-1076.853638,-718.397095,-4.514883
257,-1076.853638,-718.397095,-4.514883
258,-1076.853638,-718.397095,-4.514883
259,-1076.853638,-718.397095,-4.514883
260,-1076.853638,-718.397095,-4.514883
261,-1076.853638,-718.397095,-4.514883
262,-1076.853638,-718.397095,-4.514883
263,-1076.853638,-718.397095,-4.514883
264,-1076.853638,-718.397095,-4.514883
265,-1076.853638,-718.397095,-4.514883
266,-1076.853638,-718.397095,-4.514883
267,-1076.853638,-718.397095,-4.514883
268,-1076.853638,-718.397095,-4.514883
269,-1076.853638,-718.397095,-4.514883
270,-1076.853638,-718.397095,-4.514883
271,-1076.853638,-718.397095,-4.514883
272,-1076.853638,-718.397095,-4.514883
273,-1076.853638,-718.397095,-4.514883
274,-1076.853638,-718.397095,-4.514883
275,-1076.853638,-718.397095,-4.514883
276,-1076.853638,-718.397095,-4.514883
277,-1076.853638,-718.397095,-4.514883
278,-1076.853638,-718.397095,-4.514883
279,-1076.853638,-718.397095,-4.514883
280,-1076.853638,-718.397095,-4.514883
281,-1076.853638,-718.397095,-4.514883
282,-1076.853638,-718.397095,-4.514883
283,-1076.853638,-718.397095,-4.514883
284,-1076.853638,-718.397095,-4.514883
285,-1076.853638,-718.397095,-4.514883
286,-1076.853638,-718.397095,-4.514883
287,-1076.853638,-718.397095,-4.514883
288,-1076.853638,-718.397095,-4.514883
289,-1076.853638,-718.397095,-4.514883
290,-1076.853638,-718.397095,-4.514883
291,-1076.853638,-718.397095,-4.514883
292,-1076.853638,-718.397095,-4.514883
293,-1076.853638,-718.397095,-4.514883
294,-1076.853638,-718.397095,-4.514883
295,-1076.853638,-718.397095,-4.514883
296,-1076.853638,-718.397095,-4.514883
297,-1076.853638,-718.397095,-4.514883
298,-1076.853638,-718.397095,-4.514883
299,-1076.853638,-718.397095,-4.514883
300,-1076.853638,-718.397095,-4.514883
301,-1076.853638,-718.397095,-4.514883
302,-1076.853638,-718.397095,-4.514883
303,-1076.853638,-718.397095,-4.514883
304,-1076.853638,-718.397095,-4.514883
305,-1076.853638,-718.397095,-4.514883
306,-1076.853638,-718.397095,-4.514883
307,-1076.853638,-718.397095,-4.514883
308,-1076.853638,-718.397095,-4.514883
309,-1076.853638,-718.397095,-4.514883
310,-1076.853638,-718.397095,-4.514883
311,-1076.853638,-718.397095,-4.514883
312,-1076.853638,-718.397095,-4.514883
313,-1076.853638,-718.397095,-4.514883
314,-1076.853638,-718.397095,-4.514883
315,-1076.853638,-718.397095,-4.514883
316,-1076.853638,-718.397095,-4.514883
317,-1076.853638,-718.397095,-4.514883
318,-1076.853638,-718.397095,-4.514883
319,-1076.853638,-718.397095,-4.514883
320,-1076.853638,-718.397095,-4.514883
321,-1076.853638,-718.397095,-4.514883
322,-1076.853638,-718.397095,-4.514883
323,-1076.853638,-718.397095,-4.514883
324,-1076.853638,-718.397095,-4.514883
325,-1076.853638,-718.397095,-4.514883
326,-1076.853638,-718.397095,-4.514883
327,-1076.853638,-718.397095,-4.514883
328,-1076.853638,-718.397095,-4.514883
329,-1076.853638,-718.397095,-4.514883
330,-1076.853638,-718.397095,-4.514883
331,-1076.853638,-718.397095,-4.514883
332,-1076.853638,-718.397095,-4.514883
333,-1076.853638,-718.397095,-4.514883
334,-1076.853638,-718.397095,-4.514883
335,-1076.853638,-718.397095,-4.514883
336,-1076.853638,-718.397095,-4.514883
337,-1076.853638,-718.397095,-4.514883
338,-1076.853638,-718.397095,-4.514883
339,-1076.853638,-718.397095,-4.514883
340,-1076.853638,-718.397095,-4.514883
341,-1076.853638,-718.397095,-4.514883
342,-1076.853638,-718.397095,-4.514883
343,-1076.853638,-718.397095,-4.514883
344,-1076.853638,-718.397095,-4.514883
345,-1076.853638,-718.397095,-4.514883
346,-1076.853638,-718.397095,-4.514883
347,-1076.853638,-718.397095,-4.514883
348,-1076.853638,-718.397095,-4.514883
349,-1076.853638,-718.397095,-4.514883
350,-1076.853638,-718.397095,-4.514883
351,-1076.853638,-718.397095,-4.514883
352,-1076.853638,-718.397095,-4.514883
353,-1076.853638,-718.397095,-4.514883
354,-1076.853638,-718.397095,-4.514883
355,-1076.853638,-718.397095,-4.514883
356,-1076.853638,-718.397095,-4.514883
357,-1076.853638,-718.397095,-4.514883
358,-1076.853638,-718.397095,-4.514883
359,-1076.853638,-718.397095,-4.514883
360,-1076.853638,-718.397095,-4.514883
361,-1076.853638,-718.397095,-4.514883
362,-1076.853638,-718.397095,-4.514883
363,-1076.853638,-718.397095,-4.514883
364,-1076.853638,-718.397095,-4.514883
365,-1076.853638,-718.397095,-4.514883
366,-1076.853638,-718.397095,-4.514883
367,-1076.853638,-718.397095,-4.514883
368,-1076.853638,-718.397095,-4.514883
369,-1076.853638,-718.397095,-4.514883
370,-1076.853638,-718.397095,-4.514883
371,-1076.853638,-718.397095,-4.514883
372,-1076.853638,-718.397095,-4.514883
373,-1076.853638,-718.397095,-4.514883
374,-1076.853638,-718.397095,-4.514883
375,-1076.853638,-718.397095,-4.514883
376,-1076.853638,-718.397095,-4.514883
377,-1076.853638,-718.397095,-4.514883
378,-1076.853638,-718.397095,-4.514883
379,-1076.853638,-718.397095,-4.514883
380,-1076.853638,-718.397095,-4.514883
381,-1076.853638,-718.397095,-4.514883
382,-1076.853638,-718.397095,-4.514883
383,-1076.853638,-718.397095,-4.514883
384,-1076.853638,-718.397095,-4.514883
385,-1076.853638,-718.397095,-4.514883
386,-1076.853638,-718.397095,-4.514883
387,-1076.853638,-718.397095,-4.514883
388,-1076.853638,-718.397095,-4.514883
389,-1076.853638,-718.397095,-4.514883
390,-1076.853638,-718.397095,-4.514883
391,-1076.853638,-718.397095,-4.514883
392,-1076.853638,-718.397095,-4.514883
393,-1076.853638,-718.397095,-4.514883
394,-1076.853638,-718.397095,-4.514883
395,-1076.853638,-718.397095,-4.514883
396,-1076.853638,-718.397095,-4.514883
397,-1076.853638,-718.397095,-4.514883
398,-1076.853638,-718.397095,-4.514883
399,-1076.853638,-718.397095,-4.514883
400,-1076.853638,-718.397095,-4.514883
401,-1076.853638,-718.397095,-4.514883
402,-1076.853638,-718.397095,-4.514883
403,-1076.853638,-718.397095,-4.514883
404,-1076.853638,-718.397095,-4.514883
405,-1076.853638,-718.397095,-4.514883
406,-1076.853638,-718.397095,-4.514883
407,-1076.853638,-718.397095,-4.514883
408,-1076.853638,-718.397095,-4.514883
409,-1076.853638,-718.397095,-4.514883
410,-1076.853638,-718.397095,-4.514883
411,-1076.853638,-718.397095,-4.514883
412,-1076.853638,-718.397095,-4.514883
413,-1076.853638,-718.397095,-4.514883
414,-1076.853638,-718.397095,-4.514883
415,-1076.853638,-718.397095,-4.514883
416,-1076.853638,-718.397095,-4.514883
417,-1076.853638,-718.397095,-4.514883
418,-1076.853638,-718.397095,-4.514883
419,-1076.853638,-718.397095,-4.514883
420,-1076.853638,-718.397095,-4.514883
421,-1076.853638,-718.397095,-4.514883
422,-1076.853638,-718.397095,-4.514883
423,-1076.853638,-718.397095,-4.514883
424,-1076.853638,-718.397095,-4.514883
425,-1076.853638,-718.397095,-4.514883
426,-1076.853638,-718.397095,-4.514883
427,-1076.853638,-718.397095,-4.514883
428,-1076.853638,-718.397095,-4.514883
429,-1076.853638,-718.397095,-4.514883
430,-1076.853638,-718.397095,-4.514883
431,-1076.853638,-718.397095,-4.514883
432,-1076.853638,-718.397095,-4.514883
433,-1076.853638,-718.397095,-4.514883
434,-1076.853638,-718.397095,-4.514883
435,-1076.853638,-718.397095,-4.514883
436,-1076.853638,-718.397095,-4.514883
437,-1076.853638,-718.397095,-4.514883
438,-1076.853638,-718.397095,-4.514883
439,-1076.853638,-718.397095,-4.514883
440,-1076.853638,-718.397095,-4.514883
441,-1076.853638,-718.397095,-4.514883
442,-1076.853638,-718.397095,-4.514883
443,-1076.853638,-718.397095,-4.514883
444,-1076.853638,-718.397095,-4.514883
445,-1076.853638,-718.397095,-4.514883
446,-1076.853638,-718.397095,-4.514883
447,-1076.853638,-718.397095,-4.514883
448,-1076.853638,-718.397095,-4.514883
449,-1076.853638,-718.397095,-4.514883
450,-1076.853638,-718.397095,-4.514883
451,-1076.853638,-718.397095,-4.514883
452,-1076.853638,-718.397095,-4.514883
453,-1076.853638,-718.397095,-4.514883
454,-1076.853638,-718.397095,-4.514883
455,-1076.853638,-718.397095,-4.514883
456,-1076.853638,-718.397095,-4.514883
457,-1076.853638,-718.397095,-4.514883
458,-1076.853638,-718.397095,-4.514883
459,-1076.853638,-718.397095,-4.514883
460,-1076.853638,-718.397095,-4.514883
461,-1076.853638,-718.397095,-4.514883
462,-1076.853638,-718.397095,-4.514883
463,-1076.853638,-718.397095,-4.514883
464,-1076.853638,-718.397095,-4.514883
465,-1076.853638,-718.397095,-4.514883
466,-1076.853638,-718.397095,-4.514883
467,-1076.853638,-718.397095,-4.514883
468,-1076.853638,-718.397095,-4.514883
469,-1076.853638,-718.397095,-4.514883
470,-1076.853638,-718.397095,-4.514883
471,-1076.853638,-718.397095,-4.514883
472,-1076.853638,-718.397095,-4.514883
473,-1076.853638,-718.397095,-4.514883
474,-1076.853638,-718.397095,-4.514883
475,-1076.853638,-718.397095,-4.514883
476,-1076.853638,-718.397095,-4.514883
477,-1076.853638,-718.397095,-4.514883
478,-1076.853638,-718.397095,-4.514883
479,-1076.853638,-718.397095,-4.514883
480,-1076.853638,-718.397095,-4.514883
481,-1076.853638,-718.397095,-4.514883
482,-1076.853638,-718.397095,-4.514883
483,-1076.853638,-718.397095,-4.514883
484,-1076.853638,-718.397095,-4.514883
485,-1076.853638,-718.397095,-4.514883
486,-1076.853638,-718.397095,-4.514883
487,-1076.853638,-718.397095,-4.514883
488,-1076.853638,-718.397095,-4.514883
489,-1076.853638,-718.397095,-4.514883
490,-1076.853638,-718.397095,-4.514883
491,-1076.853638,-718.397095,-4.514883
492,-1076.853638,-718.397095,-4.514883
493,-1076.853638,-718.397095,-4.514883
494,-1076.853638,-718.397095,-4.514883
495,-1076.853638,-718.397095,-4.514883
496,-1076.853638,-718.397095,-4.514883
497,-1076.853638,-718.397095,-4.514883
498,-1076.853638,-718.397095,-4.514883
499,-1076.853638,-718.397095,-4.514883
500,-1076.853638,-718.397095,-4.514883
501,-1076.853638,-718.397095,-4.514883
502,-1076.853638,-718.397095,-4.514883
503,-1076.853638,-718.397095,-4.514883
504,-1076.853638,-718.397095,-4.514883
505,-1076.853638,-718.397095,-4.514883
506,-1076.853638,-718.397095,-4.514883
507,-1076.853638,-718.397095,-4.514883
508,-1076.853638,-718.397095,-4.514883
509,-1076.853638,-718.397095,-4.514883
510,-1076.853638,-718.397095,-4.514883
511,-1076.853638,-718.397095,-4.514883
512,-1076.853638,-718.397095,-4.514883
513,-1076.853638,-718.397095,-4.514883
514,-1076.853638,-718.397095,-4.514883
515,-1076.853638,-718.397095,-4.514883
516,-1076.853638,-718.397095,-4.514883
517,-1076.853638,-718.397095,-4.514883
518,-1076.853638,-718.397095,-4.514883
519,-1076.853638,-718.397095,-4.514883
520,-1076.853638,-718.397095,-4.514883
521,-1076.853638,-718.397095,-4.514883
522,-1076.853638,-718.397095,-4.514883
523,-1076.853638,-718.397095,-4.514883
524,-1076.853638,-718.397095,-4.514883
525,-1076.853638,-718.397095,-4.514883
526,-1076.853638,-718.397095,-4.514883
527,-1076.853638,-718.397095,-4.514883
528,-1076.853638,-718.397095,-4.514883
529,-1076.853638,-718.397095,-4.514883
530,-1076.853638,-718.397095,-4.514883
531,-1076.853638,-718.397095,-4.514883
532,-1076.853638,-718.397095,-4.514883
533,-1076.853638,-718.397095,-4.514883
534,-1076.853638,-718.397095,-4.514883
535,-1076.853638,-718.397095,-4.514883
536,-1076.853638,-718.397095,-4.514883
537,-1076.853638,-718.397095,-4.514883
538,-1076.853638,-718.397095,-4.514883
539,-1076.853638,-718.397095,-4.514883
540,-1076.853638,-718.397095,-4.514883
541,-1076.853638,-718.397095,-4.514883
542,-1076.853638,-718.397095,-4.514883
543,-1076.853638,-718.397095,-4.514883
544,-1076.853638,-718.397095,-4.514883
545,-1076.853638,-718.397095,-4.514883
546,-1076.853638,-718.397095,-4.514883
547,-1076.853638,-718.397095,-4.514883
548,-1076.853638,-718.397095,-4.514883
549,-1076.853638,-718.397095,-4.514883
550,-1076.853638,-718.397095,-4.514883
551,-1076.853638,-718.397095,-4.514883
552,-1076.853638,-718.397095,-4.514883
553,-1076.853638,-718.397095,-4.514883
554,-1076.853638,-718.397095,-4.514883
555,-1076.853638,-718.397095,-4.514883
556,-1076.853638,-718.397095,-4.514883
557,-1076.853638,-718.397095,-4.514883
558,-1076.853638,-718.397095,-4.514883
559,-1076.853638,-718.397095,-4.514883
560,-1076.853638,-718.397095,-4.514883
561,-1076.853638,-718.397095,-4.514883
562,-1076.853638,-718.397095,-4.514883
563,-1076.853638,-718.397095,-4.514883
564,-1076.853638,-718.397095,-4.514883
565,-1076.853638,-718.397095,-4.514883
566,-1076.853638,-718.397095,-4.514883
567,-1076.853638,-718.397095,-4.514883
568,-1076.853638,-718.397095,-4.514883
569,-1076.853638,-718.397095,-4.514883
570,-1076.853638,-718.397095,-4.514883
571,-1076.853638,-718.397095,-4.514883
572,-1076.853638,-718.397095,-4.514883
573,-1076.853638,-718.397095,-4.514883
574,-1076.853638,-718.397095,-4.514883
575,-1076.853638,-718.397095,-4.514883
576,-1076.853638,-718.397095,-4.514883
577,-1076.853638,-718.397095,-4.514883
578,-1076.853638,-718.397095,-4.514883
579,-1076.853638,-718.397095,-4.514883
580,-1076.853638,-718.397095,-4.514883
581,-1076.853638,-718.397095,-4.514883
582,-1076.853638,-718.397095,-4.514883
583,-1076.853638,-718.397095,-4.514883
584,-1076.853638,-718.397095,-4.514883
585,-1076.853638,-718.397095,-4.514883
586,-1076.853638,-718.397095,-4.514883
587,-1076.853638,-718.397095,-4.514883
588,-1076.853638,-718.397095,-4.514883
589,-1076.853638,-718.397095,-4.514883
590,-1076.853638,-718.397095,-4.514883
591,-1076.853638,-718.397095,-4.514883
592,-1076.853638,-718.397095,-4.514883
593,-1076.853638,-718.397095,-4.514883
594,-1076.853638,-718.397095,-4.514883
595,-1076.853638,-718.397095,-4.514883
596,-1076.853638,-718.397095,-4.514883
597,-1076.853638,-718.397095,-4.514883
598,-1076.853638,-718.397095,-4.514883
599,-1076.853638,-718.397095,-4.514883
600,-1076.853638,-718.397095,-4.514883
601,-1076.853638,-718.397095,-4.514883
602,-1076.853638,-718.397095,-4.514883
603,-1076.853638,-718.397095,-4.514883
604,-1076.853638,-718.397095,-4.514883
605,-1076.853638,-718.397095,-4.514883
606,-1076.853638,-718.397095,-4.514883
607,-1076.853638,-718.397095,-4.514883
608,-1076.853638,-718.397095,-4.514883
609,-1076.853638,-718.397095,-4.514883
610,-1076.853638,-718.397095,-4.514883
611,-1076.853638,-718.397095,-4.514883
612,-1076.853638,-718.397095,-4.514883
613,-1076.853638,-718.397095,-4.514883
614,-1076.853638,-718.397095,-4.514883
615,-1076.853638,-718.397095,-4.514883
616,-1076.853638,-718.397095,-4.514883
617,-1076.853638,-718.397095,-4.514883
618,-1076.853638,-718.397095,-4.514883
619,-1076.853638,-718.397095,-4.514883
620,-1076.853638,-718.397095,-4.514883
621,-1076.853638,-718.397095,-4.514883
622,-1076.853638,-718.397095,-4.514883
623,-1076.853638,-718.397095,-4.514883
624,-1076.853638,-718.397095,-4.514883
625,-1076.853638,-718.397095,-4.514883
626,-1076.853638,-718.397095,-4.514883
627,-1076.853638,-718.397095,-4.514883
628,-1076.853638,-718.397095,-4.514883
629,-1076.853638,-718.397095,-4.514883
630,-1076.853638,-718.397095,-4.514883
631,-1076.853638,-718.397095,-4.514883
632,-1076.853638,-718.397095,-4.514883
633,-1076.853638,-718.397095,-4.514883
634,-1076.853638,-718.397095,-4.514883
635,-1076.853638,-718.397095,-4.514883
636,-1076.853638,-718.397095,-4.514883
637,-1076.853638,-718.397095,-4.514883
638,-1076.853638,-718.397095,-4.514883
639,-1076.853638,-718.397095,-4.514883
640,-1076.853638,-718.397095,-4.514883
641,-1076.853638,-718.397095,-4.514883
642,-1076.853638,-718.397095,-4.514883
643,-1076.853638,-718.397095,-4.514883
644,-1076.853638,-718.397095,-4.514883
645,-1076.853638,-718.397095,-4.514883
646,-1076.853638,-718.397095,-4.514883
647,-1076.853638,-718.397095,-4.514883
648,-1076.853638,-718.397095,-4.514883
649,-1076.853638,-718.397095,-4.514883
650,-1076.853638,-718.397095,-4.514883
651,-1076.853638,-718.397095,-4.514883
652,-1076.853638,-718.397095,-4.514883
653,-1076.853638,-718.397095,-4.514883
654,-1076.853638,-718.397095,-4.514883
655,-1076.853638,-718.397095,-4.514883
656,-1076.853638,-718.397095,-4.514883
657,-1076.853638,-718.397095,-4.514883
658,-1076.853638,-718.397095,-4.514883
659,-1076.853638,-718.397095,-4.514883
660,-1076.853638,-718.397095,-4.514883
661,-1076.853638,-718.397095,-4.514883
662,-1076.853638,-718.397095,-4.514883
663,-1076.853638,-718.397095,-4.514883
664,-1076.853638,-718.397095,-4.514883
665,-1076.853638,-718.397095,-4.514883
666,-1076.853638,-718.397095,-4.514883
667,-1076.853638,-718.397095,-4.514883
668,-1076.853638,-718.397095,-4.514883
669,-1076.853638,-718.397095,-4.514883
670,-1076.853638,-718.397095,-4.514883
671,-1076.853638,-718.397095,-4.514883
672,-1076.853638,-718.397095,-4.514883
673,-1076.853638,-718.397095,-4.514883
674,-1076.853638,-718.397095,-4.514883
675,-1076.853638,-718.397095,-4.514883
676,-1076.853638,-718.397095,-4.514883
677,-1076.853638,-718.397095,-4.514883
678,-1076.853638,-718.397095,-4.514883
679,-1076.853638,-718.397095,-4.514883
680,-1076.853638,-718.397095,-4.514883
681,-1076.853638,-718.397095,-4.514883
682,-1076.853638,-718.397095,-4.514883
683,-1076.853638,-718.397095,-4.514883
684,-1076.853638,-718.397095,-4.514883
685,-1076.853638,-718.397095,-4.514883
686,-1076.853638,-718.397095,-4.514883
687,-1076.853638,-718.397095,-4.514883
688,-1076.853638,-718.397095,-4.514883
689,-1076.853638,-718.397095,-4.514883
690,-1076.853638,-718.397095,-4.514883
691,-1076.853638,-718.397095,-4.514883
692,-1076.853638,-718.397095,-4.514883
693,-1076.853638,-718.397095,-4.514883
694,-1076.853638,-718.397095,-4.514883
695,-1076.853638,-718.397095,-4.514883
696,-1076.853638,-718.397095,-4.514883
697,-1076.853638,-718.397095,-4.514883
698,-1076.853638,-718.397095,-4.514883
699,-1076.853638,-718.397095,-4.514883
700,-1076.853638,-718.397095,-4.514883
701,-1076.853638,-718.397095,-4.514883
702,-1076.853638,-718.397095,-4.514883
703,-1076.853638,-718.397095,-4.514883
704,-1076.853638,-718.397095,-4.514883
705,-1076.853638,-718.397095,-4.514883
706,-1076.853638,-718.397095,-4.514883
707,-1076.853638,-718.397095,-4.514883
708,-1076.853638,-718.397095,-4.514883
709,-1076.853638,-718.397095,-4.514883
710,-1076.853638,-718.397095,-4.514883
711,-1076.853638,-718.397095,-4.514883
712,-1076.853638,-718.397095,-4.514883
713,-1076.853638,-718.397095,-4.514883
714,-1076.853638,-718.397095,-4.514883
715,-1076.853638,-718.397095,-4.514883
716,-1076.853638,-718.397095,-4.514883
717,-1076.853638,-718.397095,-4.514883
718,-1076.853638,-718.397095,-4.514883
719,-1076.853638,-718.397095,-4.514883
720,-1076.853638,-718.397095,-4.514883
721,-1076.853638,-718.397095,-4.514883
722,-1076.853638,-718.397095,-4.514883
723,-1076.853638,-718.397095,-4.514883
724,-1076.853638,-718.397095,-4.514883
725,-1076.853638,-718.397095,-4.514883
726,-1076.853638,-718.397095,-4.514883
727,-1076.853638,-718.397095,-4.514883
728,-1076.853638,-718.397095,-4.514883
729,-1076.853638,-718.397095,-4.514883
730,-1076.853638,-718.397095,-4.514883
731,-1076.853638,-718.397095,-4.514883
732,-1076.853638,-718.397095,-4.514883
733,-1076.853638,-718.397095,-4.514883
734,-1076.853638,-718.397095,-4.514883
735,-1076.853638,-718.397095,-4.514883
736,-1076.853638,-718.397095,-4.514883
737,-1076.853638,-718.397095,-4.514883
738,-1076.853638,-718.397095,-4.514883
739,-1076.853638,-718.397095,-4.514883
740,-1076.853638,-718.397095,-4.514883
741,-1076.853638,-718.397095,-4.514883
742,-1076.853638,-718.397095,-4.514883
743,-1076.853638,-718.397095,-4.514883
744,-1076.853638,-718.397095,-4.514883
745,-1076.853638,-718.397095,-4.514883
746,-1076.853638,-718.397095,-4.514883
747,-1076.853638,-718.397095,-4.514883
748,-1076.853638,-718.397095,-4.514883
749,-1076.853638,-718.397095,-4.514883
750,-1076.853638,-718.397095,-4.514883
751,-1076.853638,-718.397095,-4.514883
752,-1076.853638,-718.397095,-4.514883
753,-1076.853638,-718.397095,-4.514883
754,-1076.853638,-718.397095,-4.514883
755,-1076.853638,-718.397095,-4.514883
756,-1076.853638,-718.397095,-4.514883
757,-1076.853638,-718.397095,-4.514883
758,-1076.853638,-718.397095,-4.514883
759,-1076.853638,-718.397095,-4.514883
760,-1076.853638,-718.397095,-4.514883
761,-1076.853638,-718.397095,-4.514883
762,-1076.853638,-718.397095,-4.514883
763,-1076.853638,-718.397095,-4.514883
764,-1076.853638,-718.397095,-4.514883
765,-1076.853638,-718.397095,-4.514883
766,-1076.853638,-718.397095,-4.514883
767,-1076.853638,-718.397095,-4.514883
768,-1076.853638,-718.397095,-4.514883
769,-1076.853638,-718.397095,-4.514883
770,-1076.853638,-718.397095,-4.514883
771,-1076.853638,-718.397095,-4.514883
772,-1076.853638,-718.397095,-4.514883
773,-1076.853638,-718.397095,-4.514883
774,-1076.853638,-718.397095,-4.514883
775,-1076.853638,-718.397095,-4.514883
776,-1076.853638,-718.397095,-4.514883
777,-1076.853638,-718.397095,-4.514883
778,-1076.853638,-718.397095,-4.514883
779,-1076.853638,-718.397095,-4.514883
780,-1076.853638,-718.397095,-4.514883
781,-1076.853638,-718.397095,-4.514883
782,-1076.853638,-718.397095,-4.514883
783,-1076.853638,-718.397095,-4.514883
784,-1076.853638,-718.397095,-4.514883
785,-1076.853638,-718.397095,-4.514883
786,-1076.853638,-718.397095,-4.514883
787,-1076.853638,-718.397095,-4.514883
788,-1076.853638,-718.397095,-4.514883
789,-1076.853638,-718.397095,-4.514883
790,-1076.853638,-718.397095,-4.514883
791,-1076.853638,-718.397095,-4.514883
792,-1076.853638,-718.397095,-4.514883
793,-1076.853638,-718.397095,-4.514883
794,-1076.853638,-718.397095,-4.514883
795,-1076.853638,-718.397095,-4.514883
796,-1076.853638,-718.397095,-4.514883
797,-1076.853638,-718.397095,-4.514883
798,-1076.853638,-718.397095,-4.514883
799,-1076.853638,-718.397095,-4.514883
800,-1076.853638,-718.397095,-4.514883
801,-1076.853638,-718.397095,-4.514883
802,-1076.853638,-718.397095,-4.514883
803,-1076.853638,-718.397095,-4.514883
804,-1076.853638,-718.397095,-4.514883
805,-1076.853638,-718.397095,-4.514883
806,-1076.853638,-718.397095,-4.514883
807,-1076.853638,-718.397095,-4.514883
808,-1076.853638,-718.397095,-4.514883
809,-1076.853638,-718.397095,-4.514883
810,-1076.853638,-718.397095,-4.514883
811,-1076.853638,-718.397095,-4.514883
812,-1076.853638,-718.397095,-4.514883
813,-1076.853638,-718.397095,-4.514883
814,-1076.853638,-718.397095,-4.514883
815,-1076.853638,-718.397095,-4.514883
816,-1076.853638,-718.397095,-4.514883
817,-1076.853638,-718.397095,-4.514883
818,-1076.853638,-718.397095,-4.514883
819,-1076.853638,-718.397095,-4.514883
820,-1076.853638,-718.397095,-4.514883
821,-1076.853638,-718.397095,-4.514883
822,-1076.853638,-718.397095,-4.514883
823,-1076.853638,-718.397095,-4.514883
824,-1076.853638,-718.397095,-4.514883
825,-1076.853638,-718.397095,-4.514883
826,-1076.853638,-718.397095,-4.514883
827,-1076.853638,-718.397095,-4.514883
828,-1076.853638,-718.397095,-4.514883
829,-1076.853638,-718.397095,-4.514883
830,-1076.853638,-718.397095,-4.514883
831,-1076.853638,-718.397095,-4.514883
832,-1076.853638,-718.397095,-4.514883
833,-1076.853638,-718.397095,-4.514883
834,-1076.853638,-718.397095,-4.514883
835,-1076.853638,-718.397095,-4.514883
836,-1076.853638,-718.397095,-4.514883
837,-1076.853638,-718.397095,-4.514883
838,-1076.853638,-718.397095,-4.514883
839,-1076.853638,-718.397095,-4.514883
840,-1076.853638,-718.397095,-4.514883
841,-1076.853638,-718.397095,-4.514883
842,-1076.853638,-718.397095,-4.514883
843,-1076.853638,-718.397095,-4.514883
844,-1076.853638,-718.397095,-4.514883
845,-1076.853638,-718.397095,-4.514883
846,-1076.853638,-718.397095,-4.514883
847,-1076.853638,-718.397095,-4.514883
848,-1076.853638,-718.397095,-4.514883
849,-1076.853638,-718.397095,-4.514883
850,-1076.853638,-718.397095,-4.514883
851,-1076.853638,-718.397095,-4.514883
852,-1076.853638,-718.397095,-4.514883
853,-1076.853638,-718.397095,-4.514883
854,-1076.853638,-718.397095,-4.514883
855,-1076.853638,-718.397095,-4.514883
856,-1076.853638,-718.397095,-4.514883
857,-1076.853638,-718.397095,-4.514883
858,-1076.853638,-718.397095,-4.514883
859,-1076.853638,-718.397095,-4.514883
860,-1076.853638,-718.397095,-4.514883
861,-1076.853638,-718.397095,-4.514883
862,-1076.853638,-718.397095,-4.514883
863,-1076.853638,-718.397095,-4.514883
864,-1076.853638,-718.397095,-4.514883
865,-1076.853638,-718.397095,-4.514883
866,-1076.853638,-718.397095,-4.514883
867,-1076.853638,-718.397095,-4.514883
868,-1076.853638,-718.397095,-4.514883
869,-1076.853638,-718.397095,-4.514883
870,-1076.853638,-718.397095,-4.514883
871,-1076.853638,-718.397095,-4.514883
872,-1076.853638,-718.397095,-4.514883
873,-1076.853638,-718.397095,-4.514883
874,-1076.853638,-718.397095,-4.514883
875,-1076.853638,-718.397095,-4.514883
876,-1076.853638,-718.397095,-4.514883
877,-1076.853638,-718.397095,-4.514883
878,-1076.853638,-718.397095,-4.514883
879,-1076.853638,-718.397095,-4.514883
880,-1076.853638,-718.397095,-4.514883
881,-1076.853638,-718.397095,-4.514883
882,-1076.853638,-718.397095,-4.514883
883,-1076.853638,-718.397095,-4.514883
884,-1076.853638,-718.397095,-4.514883
885,-1076.853638,-718.397095,-4.514883
886,-1076.853638,-718.397095,-4.514883
887,-1076.853638,-718.397095,-4.514883
888,-1076.853638,-718.397095,-4.514883
889,-1076.853638,-718.397095,-4.514883
890,-1076.853638,-718.397095,-4.514883
891,-1076.853638,-718.397095,-4.514883
892,-1076.853638,-718.397095,-4.514883
893,-1076.853638,-718.397095,-4.514883
894,-1076.853638,-718.397095,-4.514883
895,-1076.853638,-718.397095,-4.514883
896,-1076.853638,-718.397095,-4.514883
897,-1076.853638,-718.397095,-4.514883
898,-1076.853638,-718.397095,-4.514883
899,-1076.853638,-718.397095,-4.514883
900,-1076.853638,-718.397095,-4.514883
901,-1076.853638,-718.397095,-4.514883
902,-1076.853638,-718.397095,-4.514883
903,-1076.853638,-718.397095,-4.514883
904,-1076.853638,-718.397095,-4.514883
905,-1076.853638,-718.397095,-4.514883
906,-1076.853638,-718.397095,-4.514883
907,-1076.853638,-718.397095,-4.514883
908,-1076.853638,-718.397095,-4.514883
909,-1076.853638,-718.397095,-4.514883
910,-1076.853638,-718.397095,-4.514883
911,-1076.853638,-718.397095,-4.514883
912,-1076.853638,-718.397095,-4.514883
913,-1076.853638,-718.397095,-4.514883
914,-1076.853638,-718.397095,-4.514883
915,-1076.853638,-718.397095,-4.514883
916,-1076.853638,-718.397095,-4.514883
917,-1076.853638,-718.397095,-4.514883
918,-1076.853638,-718.397095,-4.514883
919,-1076.853638,-718.397095,-4.514883
920,-1076.853638,-718.397095,-4.514883
921,-1076.853638,-718.397095,-4.514883
922,-1076.853638,-718.397095,-4.514883
923,-1076.853638,-718.397095,-4.514883
924,-1076.853638,-718.397095,-4.514883
925,-1076.853638,-718.397095,-4.514883
926,-1076.853638,-718.397095,-4.514883
927,-1076.853638,-718.397095,-4.514883
928,-1076.853638,-718.397095,-4.514883
929,-1076.853638,-718.397095,-4.514883
930,-1076.853638,-718.397095,-4.514883
931,-1076.853638,-718.397095,-4.514883
932,-1076.853638,-718.397095,-4.514883
933,-1076.853638,-718.397095,-4.514883
934,-1076.853638,-718.397095,-4.514883
935,-1076.853638,-718.397095,-4.514883
936,-1076.853638,-718.397095,-4.514883
937,-1076.853638,-718.397095,-4.514883
938,-1076.853638,-718.397095,-4.514883
939,-1076.853638,-718.397095,-4.514883
940,-1076.853638,-718.397095,-4.514883
941,-1076.853638,-718.397095,-4.514883
942,-1076.853638,-718.397095,-4.514883
943,-1076.853638,-718.397095,-4.514883
944,-1076.853638,-718.397095,-4.514883
945,-1076.853638,-718.397095,-4.514883
946,-1076.853638,-718.397095,-4.514883
947,-1076.853638,-718.397095,-4.514883
948,-1076.853638,-718.397095,-4.514883
949,-1076.853638,-718.397095,-4.514883
950,-1076.853638,-718.397095,-4.514883
951,-1076.853638,-718.397095,-4.514883
952,-1076.853638,-718.397095,-4.514883
953,-1076.853638,-718.397095,-4.514883
954,-1076.853638,-718.397095,-4.514883
955,-1076.853638,-718.397095,-4.514883
956,-1076.853638,-718.397095,-4.514883
957,-1076.853638,-718.397095,-4.514883
958,-1076.853638,-718.397095,-4.514883
959,-1076.853638,-718.397095,-4.514883
960,-1076.853638,-718.397095,-4.514883
961,-1076.853638,-718.397095,-4.514883
962,-1076.853638,-718.397095,-4.514883
963,-1076.853638,-718.397095,-4.514883
964,-1076.853638,-718.397095,-4.514883
965,-1076.853638,-718.397095,-4.514883
966,-1076.853638,-718.397095,-4.514883
967,-1076.853638,-718.397095,-4.514883
968,-1076.853638,-718.397095,-4.514883
969,-1076.853638,-718.397095,-4.514883
970,-1076.853638,-718.397095,-4.514883
971,-1076.853638,-718.397095,-4.514883
972,-1076.853638,-718.397095,-4.514883
973,-1076.853638,-718.397095,-4.514883
974,-1076.853638,-718.397095,-4.514883
975,-1076.853638,-718.397095,-4.514883
976,-1076.853638,-718.397095,-4.514883
977,-1076.853638,-718.397095,-4.514883
978,-1076.853638,-718.397095,-4.514883
979,-1076.853638,-718.397095,-4.514883
980,-1076.853638,-718.397095,-4.514883
981,-1076.853638,-718.397095,-4.514883
982,-1076.853638,-718.397095,-4.514883
983,-1076.853638,-718.397095,-4.514883
984,-1076.853638,-718.397095,-4.514883
985,-1076.853638,-718.397095,-4.514883
986,-1076.853638,-718.397095,-4.514883
987,-1076.853638,-718.397095,-4.514883
988,-1076.853638,-718.397095,-4.514883
989,-1076.853638,-718.397095,-4.514883
990,-1076.853638,-718.397095,-4.514883
991,-1076.853638,-718.397095,-4.514883
992,-1076.853638,-718.397095,-4.514883
993,-1076.853638,-718.397095,-4.514883
994,-1076.853638,-718.397095,-4.514883
995,-1076.853638,-718.397095,-4.514883
996,-1076.853638,-718.397095,-4.514883
997,-1076.853638,-718.397095,-4.514883
998,-1076.853638,-718.397095,-4.514883
999,-1076.853638,-718.397095,-4.514883