
Mission : id,x,y 
-> 1,0.000000,0.000000
-> 2,10.000000,10.000000
-> 3,0.000000,10.000000
-> 5,10.000000,0.000000
-> 8,5.000000,15.000000
-> 9,0.000000,0.000000

1,0.032106,0.032324,0.788942
2,0.051778,0.052154,0.789399
3,0.063829,0.064303,0.789454
4,0.082562,0.083189,0.789466
5,0.099328,0.100092,0.789455
6,0.119478,0.120405,0.789435
7,0.139710,0.140800,0.789414
8,0.162066,0.163336,0.789390
9,0.185287,0.186741,0.789366
10,0.210150,0.211801,0.789339
11,0.236175,0.238031,0.789311
12,0.263660,0.265730,0.789281
13,0.292420,0.294712,0.789248
14,0.322570,0.325093,0.789211
15,0.354039,0.356800,0.789171
16,0.386871,0.389878,0.789127
17,0.421040,0.424299,0.789079
18,0.456562,0.460080,0.789026
19,0.493427,0.497209,0.788967
20,0.531642,0.535694,0.788903
21,0.570445,0.574764,0.788835
22,0.609257,0.613838,0.788763
23,0.648080,0.652917,0.788688
24,0.686913,0.692001,0.788609
25,0.725758,0.731089,0.788527
26,0.764615,0.770183,0.788442
27,0.803483,0.809282,0.788353
28,0.842365,0.848387,0.788262
29,0.881259,0.887497,0.788168
30,0.920166,0.926612,0.788071
31,0.959086,0.965733,0.787971
32,0.998019,1.004859,0.787868
33,1.036966,1.043991,0.787763
34,1.075926,1.083127,0.787656
35,1.114899,1.122268,0.787547
36,1.153886,1.161414,0.787435
37,1.192886,1.200565,0.787322
38,1.231899,1.239719,0.787206
39,1.270925,1.278877,0.787089
40,1.309963,1.318038,0.786971
41,1.349013,1.357202,0.786851
42,1.388075,1.396368,0.786729
43,1.427149,1.435537,0.786607
44,1.466234,1.474707,0.786483
45,1.505330,1.513878,0.786359
46,1.544436,1.553049,0.786234
47,1.583552,1.592221,0.786108
48,1.622677,1.631391,0.785982
49,1.661811,1.670561,0.785856
50,1.700953,1.709729,0.785730
51,1.740102,1.748894,0.785603
52,1.779258,1.788057,0.785477
53,1.818421,1.827216,0.785351
54,1.857590,1.866371,0.785225
55,1.896763,1.905521,0.785100
56,1.935941,1.944666,0.784976
57,1.975123,1.983805,0.784852
58,2.014309,2.022938,0.784729
59,2.053496,2.062064,0.784608
60,2.092686,2.101182,0.784488
61,2.131877,2.140292,0.784369
62,2.171068,2.179394,0.784252
63,2.210260,2.218487,0.784136
64,2.249451,2.257571,0.784022
65,2.288641,2.296645,0.783911
66,2.327830,2.335708,0.783801
67,2.367017,2.374761,0.783693
68,2.406200,2.413804,0.783587
69,2.445381,2.452835,0.783484
70,2.484559,2.491855,0.783383
71,2.523733,2.530864,0.783285
72,2.562902,2.569860,0.783190
73,2.602067,2.608845,0.783097
74,2.641227,2.647818,0.783007
75,2.680382,2.686779,0.782921
76,2.719531,2.725729,0.782837
77,2.758675,2.764666,0.782756
78,2.797812,2.803591,0.782679
79,2.836944,2.842505,0.782604
80,2.876070,2.881408,0.782534
81,2.915190,2.920299,0.782466
82,2.954304,2.959179,0.782402
83,2.993411,2.998048,0.782342
84,3.032512,3.036906,0.782285
85,3.071607,3.075755,0.782232
86,3.110696,3.114593,0.782182
87,3.149779,3.153422,0.782136
88,3.188857,3.192243,0.782094
89,3.227929,3.231054,0.782056
90,3.266995,3.269858,0.782021
91,3.306057,3.308654,0.781991
92,3.345114,3.347444,0.781964
93,3.384166,3.386227,0.781941
94,3.423214,3.425004,0.781922
95,3.462258,3.463777,0.781907
96,3.501299,3.502545,0.781896
97,3.540337,3.541310,0.781889
98,3.579371,3.580071,0.781885
99,3.618403,3.618830,0.781886
100,3.657433,3.657586,0.781890
101,3.696461,3.696342,0.781898
102,3.735487,3.735097,0.781911
103,3.774512,3.773852,0.781927
104,3.813537,3.812608,0.781946
105,3.852562,3.851367,0.781970
106,3.891587,3.890127,0.781997
107,3.930612,3.928890,0.782028
108,3.969638,3.967657,0.782062
109,4.008665,4.006427,0.782100
110,4.047693,4.045202,0.782142
111,4.086723,4.083982,0.782187
112,4.125755,4.122769,0.782236
113,4.164790,4.161561,0.782287
114,4.203827,4.200361,0.782342
115,4.242867,4.239168,0.782401
116,4.281910,4.277983,0.782462
117,4.320957,4.316805,0.782527
118,4.360006,4.355637,0.782595
119,4.399060,4.394477,0.782665
120,4.438117,4.433327,0.782738
121,4.477178,4.472186,0.782814
122,4.516242,4.511055,0.782893
123,4.555310,4.549934,0.782974
124,4.594382,4.588824,0.783058
125,4.633457,4.627723,0.783144
126,4.672536,4.666633,0.783233
127,4.711618,4.705554,0.783323
128,4.750704,4.744485,0.783416
129,4.789793,4.783427,0.783510
130,4.828885,4.822379,0.783606
131,4.867980,4.861341,0.783705
132,4.907077,4.900314,0.783804
133,4.946177,4.939297,0.783905
134,4.985278,4.978290,0.784008
135,5.024381,5.017292,0.784112
136,5.063486,5.056305,0.784217
137,5.102592,5.095326,0.784323
138,5.141698,5.134357,0.784429
139,5.180804,5.173397,0.784537
140,5.219911,5.212445,0.784645
141,5.259017,5.251501,0.784754
142,5.298123,5.290565,0.784863
143,5.337228,5.329636,0.784973
144,5.376330,5.368713,0.785083
145,5.415430,5.407797,0.785192
146,5.454527,5.446887,0.785302
147,5.493621,5.485982,0.785411
148,5.532712,5.525082,0.785520
149,5.571798,5.564187,0.785629
150,5.610880,5.603295,0.785737
151,5.649958,5.642408,0.785844
152,5.689031,5.681524,0.785950
153,5.728097,5.720642,0.786056
154,5.767157,5.759761,0.786160
155,5.806211,5.798883,0.786264
156,5.845258,5.838006,0.786366
157,5.884298,5.877130,0.786466
158,5.923331,5.916254,0.786565
159,5.962356,5.955378,0.786663
160,6.001373,5.994501,0.786759
161,6.040381,6.033623,0.786853
162,6.079381,6.072744,0.786945
163,6.118372,6.111863,0.787035
164,6.157354,6.150980,0.787123
165,6.196328,6.190095,0.787208
166,6.235291,6.229206,0.787292
167,6.274246,6.268315,0.787373
168,6.313191,6.307420,0.787451
169,6.352127,6.346523,0.787527
170,6.391054,6.385621,0.787601
171,6.429971,6.424716,0.787672
172,6.468878,6.463806,0.787740
173,6.507777,6.502892,0.787805
174,6.546667,6.541974,0.787867
175,6.585547,6.581052,0.787927
176,6.624419,6.620125,0.787983
177,6.663282,6.659194,0.788036
178,6.702137,6.698258,0.788087
179,6.740984,6.737319,0.788134
180,6.779824,6.776375,0.788178
181,6.818656,6.815426,0.788219
182,6.857481,6.854474,0.788256
183,6.896299,6.893518,0.788290
184,6.935111,6.932557,0.788321
185,6.973917,6.971593,0.788349
186,7.012718,7.010626,0.788373
187,7.051513,7.049654,0.788394
188,7.090304,7.088679,0.788411
189,7.129092,7.127703,0.788426
190,7.167876,7.166723,0.788436
191,7.206656,7.205740,0.788444
192,7.245435,7.244756,0.788447
193,7.284212,7.283770,0.788448
194,7.322987,7.322782,0.788445
195,7.361761,7.361793,0.788439
196,7.400535,7.400802,0.788429
197,7.439308,7.439810,0.788417
198,7.478081,7.478817,0.788401
199,7.516856,7.517824,0.788381
200,7.555633,7.556831,0.788359
201,7.594412,7.595839,0.788333
202,7.633193,7.634846,0.788304
203,7.671978,7.673855,0.788272
204,7.710767,7.712864,0.788236
205,7.749559,7.751874,0.788198
206,7.788356,7.790885,0.788157
207,7.827157,7.829898,0.788113
208,7.865963,7.868912,0.788066
209,7.904777,7.907929,0.788016
210,7.943596,7.946948,0.787963
211,7.982421,7.985969,0.787908
212,8.021253,8.024992,0.787850
213,8.060092,8.064017,0.787790
214,8.098938,8.103045,0.787727
215,8.137792,8.142074,0.787661
216,8.176653,8.181107,0.787594
217,8.215522,8.220141,0.787524
218,8.254398,8.259178,0.787452
219,8.293283,8.298218,0.787378
220,8.332177,8.337260,0.787302
221,8.371078,8.376304,0.787224
222,8.409987,8.415349,0.787144
223,8.448906,8.454397,0.787062
224,8.487832,8.493446,0.786979
225,8.526767,8.532498,0.786895
226,8.565710,8.571551,0.786809
227,8.604662,8.610606,0.786721
228,8.643620,8.649661,0.786633
229,8.682588,8.688718,0.786543
230,8.721562,8.727776,0.786452
231,8.760545,8.766833,0.786361
232,8.799535,8.805891,0.786268
233,8.838532,8.844950,0.786175
234,8.877537,8.884007,0.786081
235,8.916547,8.923063,0.785987
236,8.955564,8.962119,0.785892
237,8.994586,9.001173,0.785797
238,9.033614,9.040225,0.785702
239,9.072648,9.079275,0.785607
240,9.111688,9.118323,0.785512
241,9.150732,9.157369,0.785417
242,9.189780,9.196410,0.785322
243,9.228831,9.235448,0.785228
244,9.267887,9.274483,0.785134
245,9.306946,9.313514,0.785041
246,9.346007,9.352540,0.784949
247,9.385073,9.391562,0.784857
248,9.424140,9.430581,0.784766
249,9.463209,9.469594,0.784676
250,9.502279,9.508600,0.784587
251,9.541350,9.547601,0.784499
252,9.580422,9.586596,0.784413
253,9.619493,9.625583,0.784328
254,9.658566,9.664565,0.784244
255,9.697639,9.703541,0.784162
256,9.736711,9.742511,0.784082
257,9.775781,9.781472,0.784003
258,9.814851,9.820428,0.783926
259,9.853921,9.859377,0.783851
260,9.892987,9.898317,0.783778
261,9.932052,9.937250,0.783707
262,9.971114,9.976175,0.783638
263,10.010175,10.015094,0.783571
264,10.049232,10.054005,0.783507
265,10.049232,10.054005,3.142755
266,10.049232,10.054005,3.143760
267,10.046860,10.054000,3.143760
268,10.039704,10.053985,3.143760
269,10.030999,10.053966,3.143760
270,10.022142,10.053946,3.143760
271,10.013757,10.053928,3.143760
272,10.006094,10.053912,3.143760
273,9.999224,10.053897,3.143760
274,9.993128,10.053884,3.143760
275,9.987752,10.053872,3.143760
276,9.979905,10.053855,3.143818
277,9.969082,10.053829,3.143938
278,9.957003,10.053799,3.144085
279,9.942604,10.053760,3.144280
280,9.926543,10.053713,3.144510
281,9.908414,10.053655,3.144783
282,9.888466,10.053585,3.145095
283,9.866543,10.053500,3.145448
284,9.842741,10.053399,3.145840
285,9.817000,10.053279,3.146272
286,9.789356,10.053137,3.146743
287,9.759784,10.052969,3.147252
288,9.728298,10.052773,3.147800
289,9.694887,10.052547,3.148385
290,9.659557,10.052284,3.149007
291,9.622303,10.051984,3.149664
292,9.583127,10.051641,3.150355
293,9.542025,10.051250,3.151079
294,9.498998,10.050810,3.151835
295,9.454042,10.050314,3.152621
296,9.407160,10.049759,3.153435
297,9.358349,10.049140,3.154275
298,9.307608,10.048452,3.155139
299,9.254936,10.047692,3.156025
300,9.200335,10.046855,3.156929
301,9.143803,10.045936,3.157850
302,9.085338,10.044930,3.158783
303,9.024942,10.043835,3.159727
304,8.962615,10.042645,3.160676
305,8.898358,10.041358,3.161626
306,8.832170,10.039969,3.162575
307,8.764054,10.038476,3.163517
308,8.694555,10.036888,3.164439
309,8.625954,10.035261,3.165306
310,8.558285,10.033601,3.166117
311,8.491560,10.031914,3.166872
312,8.425776,10.030205,3.167570
313,8.360923,10.028478,3.168214
314,8.296981,10.026737,3.168804
315,8.233927,10.024987,3.169342
316,8.171731,10.023231,3.169830
317,8.110360,10.021470,3.170268
318,8.049776,10.019709,3.170659
319,7.989937,10.017948,3.171004
320,7.930798,10.016191,3.171304
321,7.872311,10.014437,3.171562
322,7.814426,10.012689,3.171778
323,7.757090,10.010947,3.171954
324,7.700248,10.009213,3.172090
325,7.643844,10.007487,3.172189
326,7.587822,10.005769,3.172251
327,7.532125,10.004059,3.172277
328,7.476693,10.002357,3.172268
329,7.421468,10.000666,3.172225
330,7.366393,9.998982,3.172147
331,7.311410,9.997308,3.172035
332,7.256461,9.995643,3.171891
333,7.201489,9.993986,3.171713
334,7.146439,9.992339,3.171502
335,7.091257,9.990702,3.171258
336,7.035889,9.989074,3.170981
337,6.980283,9.987456,3.170670
338,6.924391,9.985850,3.170326
339,6.868164,9.984256,3.169947
340,6.811554,9.982674,3.169534
341,6.754520,9.981105,3.169086
342,6.697019,9.979551,3.168603
343,6.639011,9.978014,3.168084
344,6.580462,9.976495,3.167528
345,6.521337,9.974996,3.166936
346,6.461605,9.973519,3.166306
347,6.401239,9.972068,3.165639
348,6.340215,9.970643,3.164933
349,6.278514,9.969249,3.164190
350,6.216118,9.967887,3.163408
351,6.153014,9.966562,3.162588
352,6.089193,9.965277,3.161730
353,6.024652,9.964035,3.160834
354,5.959388,9.962840,3.159900
355,5.893407,9.961696,3.158929
356,5.826717,9.960607,3.157923
357,5.759330,9.959577,3.156882
358,5.691265,9.958609,3.155807
359,5.622544,9.957707,3.154701
360,5.553193,9.956877,3.153564
361,5.483244,9.956120,3.152399
362,5.412733,9.955442,3.151209
363,5.341699,9.954845,3.149995
364,5.270186,9.954332,3.148761
365,5.198244,9.953907,3.147510
366,5.125922,9.953570,3.146244
367,5.053275,9.953325,3.144968
368,4.980361,9.953173,3.143684
369,4.907239,9.953114,3.142396
370,4.833971,9.953149,3.141109
371,4.760618,9.953279,3.139825
372,4.687245,9.953502,3.138549
373,4.613916,9.953817,3.137284
374,4.540694,9.954225,3.136034
375,4.467642,9.954720,3.134802
376,4.394821,9.955303,3.133592
377,4.322290,9.955970,3.132407
378,4.250108,9.956717,3.131250
379,4.178328,9.957540,3.130124
380,4.107000,9.958436,3.129031
381,4.036173,9.959400,3.127975
382,3.965890,9.960429,3.126955
383,3.896189,9.961518,3.125975
384,3.827104,9.962662,3.125036
385,3.758667,9.963857,3.124139
386,3.690900,9.965097,3.123285
387,3.623823,9.966380,3.122474
388,3.557451,9.967700,3.121707
389,3.491795,9.969053,3.120984
390,3.426859,9.970436,3.120305
391,3.362644,9.971844,3.119669
392,3.299143,9.973273,3.119077
393,3.236351,9.974722,3.118527
394,3.174253,9.976186,3.118020
395,3.112832,9.977663,3.117554
396,3.052069,9.979150,3.117128
397,2.991940,9.980644,3.116742
398,2.932418,9.982144,3.116394
399,2.873471,9.983648,3.116084
400,2.815070,9.985154,3.115811
401,2.757178,9.986661,3.115574
402,2.699759,9.988167,3.115372
403,2.642774,9.989671,3.115204
404,2.586184,9.991172,3.115069
405,2.529947,9.992669,3.114967
406,2.474022,9.994163,3.114897
407,2.418365,9.995651,3.114857
408,2.362933,9.997134,3.114849
409,2.307683,9.998610,3.114871
410,2.252571,10.000081,3.114922
411,2.197551,10.001544,3.115003
412,2.142581,10.003000,3.115113
413,2.087616,10.004448,3.115252
414,2.032616,10.005888,3.115420
415,1.977538,10.007319,3.115617
416,1.922340,10.008741,3.115842
417,1.866984,10.010153,3.116096
418,1.811429,10.011554,3.116379
419,1.755639,10.012943,3.116691
420,1.699576,10.014320,3.117032
421,1.643210,10.015684,3.117402
422,1.586504,10.017034,3.117802
423,1.529429,10.018367,3.118231
424,1.471955,10.019683,3.118690
425,1.414055,10.020981,3.119179
426,1.355707,10.022259,3.119698
427,1.296885,10.023515,3.120248
428,1.237570,10.024747,3.120828
429,1.177746,10.025952,3.121438
430,1.117398,10.027130,3.122079
431,1.056513,10.028277,3.122750
432,0.995083,10.029392,3.123451
433,0.933104,10.030472,3.124181
434,0.870569,10.031513,3.124941
435,0.807482,10.032514,3.125730
436,0.743844,10.033471,3.126547
437,0.679665,10.034383,3.127392
438,0.614952,10.035246,3.128263
439,0.549719,10.036057,3.129158
440,0.483982,10.036815,3.130079
441,0.417762,10.037515,3.131022
442,0.351081,10.038156,3.131986
443,0.283965,10.038734,3.132969
444,0.216444,10.039249,3.133970
445,0.148548,10.039698,3.134986
446,0.080314,10.040078,3.136016
447,0.011776,10.040389,3.137057
448,-0.057026,10.040629,3.138106
449,-0.126051,10.040797,3.139162
450,-0.126051,10.040797,-0.783907
451,-0.126051,10.040797,-0.783907
452,-0.120322,10.035085,-0.783907
453,-0.108855,10.023652,-0.783907
454,-0.097345,10.012177,-0.783907
455,-0.086667,10.001530,-0.783907
456,-0.077015,9.991906,-0.783907
457,-0.068409,9.983326,-0.783907
458,-0.060796,9.975737,-0.783907
459,-0.054095,9.969055,-0.783907
460,-0.048211,9.963189,-0.783907
461,-0.043055,9.958048,-0.783907
462,-0.038539,9.953546,-0.783907
463,-0.034588,9.949606,-0.783907
464,-0.030130,9.945162,-0.783876
465,-0.022251,9.937308,-0.783728
466,-0.014291,9.929378,-0.783578
467,-0.004184,9.919312,-0.783356
468,0.006794,9.908383,-0.783104
469,0.019436,9.895807,-0.782797
470,0.033254,9.882071,-0.782451
471,0.048553,9.866874,-0.782057
472,0.065148,9.850404,-0.781620
473,0.083156,9.832548,-0.781138
474,0.102511,9.813377,-0.780613
475,0.123259,9.792850,-0.780044
476,0.145375,9.770996,-0.779434
477,0.168881,9.747800,-0.778782
478,0.193768,9.723273,-0.778089
479,0.220049,9.697412,-0.777356
480,0.247721,9.670223,-0.776585
481,0.276793,9.641706,-0.775776
482,0.307267,9.611863,-0.774931
483,0.339147,9.580698,-0.774051
484,0.372439,9.548213,-0.773139
485,0.407145,9.514412,-0.772197
486,0.443271,9.479296,-0.771226
487,0.480820,9.442868,-0.770230
488,0.519798,9.405132,-0.769210
489,0.560208,9.366091,-0.768171
490,0.602054,9.325747,-0.767115
491,0.645340,9.284105,-0.766047
492,0.690068,9.241168,-0.764969
493,0.736243,9.196939,-0.763887
494,0.783865,9.151421,-0.762805
495,0.832939,9.104616,-0.761729
496,0.883464,9.056531,-0.760662
497,0.935443,9.007166,-0.759611
498,0.987137,8.958168,-0.758619
499,1.038043,8.910007,-0.757696
500,1.088139,8.862694,-0.756843
501,1.137423,8.816220,-0.756059
502,1.185903,8.770571,-0.755341
503,1.233592,8.725724,-0.754690
504,1.280512,8.681653,-0.754100
505,1.326689,8.638326,-0.753572
506,1.372152,8.595708,-0.753102
507,1.416936,8.553761,-0.752687
508,1.461080,8.512445,-0.752327
509,1.504624,8.471716,-0.752017
510,1.547612,8.431527,-0.751757
511,1.590091,8.391831,-0.751544
512,1.632109,8.352580,-0.751377
513,1.673714,8.313723,-0.751253
514,1.714959,8.275208,-0.751172
515,1.755894,8.236987,-0.751132
516,1.796571,8.199006,-0.751132
517,1.837043,8.161214,-0.751170
518,1.877361,8.123559,-0.751247
519,1.917578,8.085991,-0.751362
520,1.957744,8.048459,-0.751514
521,1.997910,8.010913,-0.751703
522,2.038125,7.973304,-0.751929
523,2.078438,7.935583,-0.752192
524,2.118896,7.897704,-0.752492
525,2.159543,7.859621,-0.752831
526,2.200425,7.821290,-0.753207
527,2.241584,7.782667,-0.753623
528,2.283060,7.743711,-0.754077
529,2.324891,7.704382,-0.754572
530,2.367114,7.664643,-0.755108
531,2.409761,7.624457,-0.755686
532,2.452865,7.583791,-0.756307
533,2.496453,7.542614,-0.756971
534,2.540551,7.500895,-0.757680
535,2.585183,7.458608,-0.758433
536,2.630366,7.415729,-0.759233
537,2.676118,7.372237,-0.760079
538,2.722450,7.328115,-0.760971
539,2.769372,7.283347,-0.761911
540,2.816889,7.237922,-0.762898
541,2.865001,7.191832,-0.763932
542,2.913706,7.145073,-0.765012
543,2.962997,7.097646,-0.766139
544,3.012860,7.049554,-0.767311
545,3.063282,7.000805,-0.768526
546,3.114242,6.951413,-0.769783
547,3.165714,6.901394,-0.771081
548,3.217671,6.850768,-0.772416
549,3.270080,6.799562,-0.773787
550,3.322903,6.747808,-0.775190
551,3.376099,6.695537,-0.776621
552,3.429625,6.642789,-0.778077
553,3.483433,6.589607,-0.779554
554,3.537472,6.536036,-0.781048
555,3.591689,6.482126,-0.782554
556,3.646029,6.427930,-0.784066
557,3.700437,6.373503,-0.785581
558,3.754854,6.318901,-0.787093
559,3.809222,6.264184,-0.788597
560,3.863482,6.209412,-0.790088
561,3.917580,6.154643,-0.791561
562,3.971457,6.099939,-0.793012
563,4.025060,6.045359,-0.794435
564,4.078335,5.990961,-0.795826
565,4.131234,5.936801,-0.797182
566,4.183709,5.882932,-0.798498
567,4.235718,5.829406,-0.799771
568,4.287222,5.776270,-0.800999
569,4.338186,5.723567,-0.802178
570,4.388578,5.671336,-0.803307
571,4.438374,5.619612,-0.804384
572,4.487551,5.568427,-0.805408
573,4.536093,5.517804,-0.806378
574,4.583987,5.467766,-0.807293
575,4.631226,5.418327,-0.808153
576,4.677806,5.369498,-0.808959
577,4.723731,5.321284,-0.809710
578,4.769005,5.273687,-0.810408
579,4.813637,5.226704,-0.811054
580,4.857642,5.180326,-0.811648
581,4.901035,5.134542,-0.812191
582,4.943838,5.089337,-0.812686
583,4.986073,5.044693,-0.813133
584,5.027765,5.000586,-0.813534
585,5.068944,4.956992,-0.813890
586,5.109638,4.913883,-0.814202
587,5.149880,4.871230,-0.814473
588,5.189705,4.828999,-0.814702
589,5.229148,4.787158,-0.814893
590,5.268245,4.745671,-0.815045
591,5.307034,4.704502,-0.815159
592,5.345551,4.663614,-0.815238
593,5.383839,4.622968,-0.815281
594,5.421932,4.582526,-0.815290
595,5.459872,4.542249,-0.815264
596,5.497698,4.502098,-0.815206
597,5.535448,4.462035,-0.815114
598,5.573162,4.422020,-0.814990
599,5.610877,4.382017,-0.814834
600,5.648632,4.341986,-0.814645
601,5.686464,4.301892,-0.814424
602,5.724408,4.261699,-0.814171
603,5.762501,4.221372,-0.813885
604,5.800777,4.180875,-0.813567
605,5.839271,4.140178,-0.813216
606,5.878013,4.099250,-0.812832
607,5.917035,4.058061,-0.812414
608,5.956366,4.016582,-0.811962
609,5.996035,3.974789,-0.811476
610,6.036067,3.932656,-0.810955
611,6.076489,3.890161,-0.810399
612,6.117322,3.847284,-0.809807
613,6.158589,3.804007,-0.809179
614,6.200307,3.760314,-0.808515
615,6.242494,3.716192,-0.807815
616,6.285163,3.671631,-0.807078
617,6.328328,3.626623,-0.806304
618,6.371998,3.581161,-0.805494
619,6.416179,3.535246,-0.804648
620,6.460878,3.488874,-0.803766
621,6.506094,3.442052,-0.802848
622,6.551826,3.394785,-0.801896
623,6.598071,3.347083,-0.800910
624,6.644821,3.298958,-0.799892
625,6.692065,3.250427,-0.798842
626,6.739789,3.201507,-0.797763
627,6.787978,3.152221,-0.796657
628,6.836612,3.102593,-0.795524
629,6.885667,3.052649,-0.794368
630,6.935119,3.002420,-0.793191
631,6.984940,2.951937,-0.791996
632,7.035098,2.901236,-0.790786
633,7.085559,2.850353,-0.789563
634,7.136289,2.799325,-0.788331
635,7.187249,2.748192,-0.787093
636,7.238400,2.696994,-0.785853
637,7.289701,2.645773,-0.784614
638,7.341112,2.594570,-0.783379
639,7.392587,2.543428,-0.782152
640,7.444085,2.492387,-0.780937
641,7.495563,2.441489,-0.779737
642,7.546976,2.390775,-0.778555
643,7.598282,2.340283,-0.777394
644,7.649442,2.290050,-0.776258
645,7.700415,2.240111,-0.775149
646,7.751163,2.190500,-0.774069
647,7.801651,2.141247,-0.773021
648,7.851844,2.092380,-0.772007
649,7.901711,2.043927,-0.771030
650,7.951224,1.995906,-0.770089
651,8.000358,1.948341,-0.769188
652,8.049090,1.901244,-0.768326
653,8.097403,1.854631,-0.767506
654,8.145279,1.808510,-0.766726
655,8.192706,1.762889,-0.765988
656,8.239676,1.717772,-0.765292
657,8.286182,1.673156,-0.764638
658,8.332224,1.629042,-0.764025
659,8.377799,1.585425,-0.763454
660,8.422915,1.542292,-0.762923
661,8.467576,1.499637,-0.762433
662,8.511792,1.457444,-0.761982
663,8.555574,1.415700,-0.761570
664,8.598938,1.374386,-0.761196
665,8.641899,1.333484,-0.760858
666,8.684477,1.292971,-0.760558
667,8.726690,1.252825,-0.760292
668,8.768563,1.213022,-0.760061
669,8.810119,1.173536,-0.759864
670,8.851381,1.134342,-0.759700
671,8.892378,1.095410,-0.759569
672,8.933135,1.056714,-0.759469
673,8.973680,1.018225,-0.759399
674,9.014040,0.979914,-0.759361
675,9.054245,0.941751,-0.759352
676,9.094323,0.903706,-0.759372
677,9.134305,0.865749,-0.759421
678,9.174219,0.827851,-0.759499
679,9.214094,0.789982,-0.759606
680,9.253958,0.752113,-0.759741
681,9.293839,0.714215,-0.759903
682,9.333766,0.676259,-0.760094
683,9.373766,0.638218,-0.760313
684,9.413865,0.600063,-0.760559
685,9.454088,0.561769,-0.760834
686,9.494461,0.523308,-0.761136
687,9.535007,0.484658,-0.761467
688,9.575747,0.445794,-0.761826
689,9.616705,0.406693,-0.762214
690,9.657899,0.367333,-0.762630
691,9.699347,0.327695,-0.763075
692,9.741069,0.287758,-0.763549
693,9.783076,0.247507,-0.764052
694,9.825386,0.206923,-0.764584
695,9.868010,0.165991,-0.765145
696,9.910957,0.124701,-0.765736
697,9.954237,0.083038,-0.766356
698,9.997855,0.040996,-0.767004
699,10.041816,-0.001434,-0.767681
700,10.086123,-0.044259,-0.768387
701,10.086123,-0.044259,1.910895
702,10.086123,-0.044259,1.911106
703,10.085690,-0.043038,1.911106
704,10.082904,-0.035168,1.911106
705,10.079368,-0.025179,1.911106
706,10.075733,-0.014915,1.911106
707,10.072280,-0.005163,1.911106
708,10.069120,0.003760,1.911106
709,10.066286,0.011766,1.911106
710,10.063770,0.018871,1.911106
711,10.061551,0.025137,1.911106
712,10.059601,0.030645,1.911106
713,10.057890,0.035476,1.911106
714,10.054088,0.046209,1.911258
715,10.050509,0.056307,1.911394
716,10.045732,0.069776,1.911616
717,10.040635,0.084138,1.911860
718,10.034671,0.100926,1.912166
719,10.028174,0.119191,1.912509
720,10.020936,0.139518,1.912902
721,10.013082,0.161545,1.913336
722,10.004528,0.185495,1.913815
723,9.995322,0.211229,1.914335
724,9.985431,0.238831,1.914896
725,9.974869,0.268249,1.915495
726,9.963621,0.299513,1.916131
727,9.951693,0.332603,1.916802
728,9.939074,0.367529,1.917506
729,9.925764,0.404282,1.918240
730,9.911758,0.442865,1.919002
731,9.897054,0.483275,1.919788
732,9.881646,0.525509,1.920595
733,9.865533,0.569566,1.921420
734,9.848710,0.615443,1.922259
735,9.831175,0.663137,1.923109
736,9.812924,0.712646,1.923964
737,9.793957,0.763967,1.924821
738,9.774269,0.817096,1.925674
739,9.753860,0.872029,1.926519
740,9.732728,0.928763,1.927349
741,9.710873,0.987295,1.928160
742,9.688294,1.047619,1.928946
743,9.664993,1.109731,1.929699
744,9.641339,1.172647,1.930402
745,9.618138,1.234244,1.931027
746,9.595390,1.294536,1.931575
747,9.573081,1.353581,1.932049
748,9.551187,1.411456,1.932453
749,9.529680,1.468250,1.932791
750,9.508531,1.524054,1.933066
751,9.487705,1.578966,1.933282
752,9.467172,1.633085,1.933442
753,9.446894,1.686510,1.933548
754,9.426837,1.739346,1.933604
755,9.406965,1.791692,1.933610
756,9.387243,1.843649,1.933569
757,9.367636,1.895320,1.933481
758,9.348107,1.946804,1.933348
759,9.328623,1.998199,1.933171
760,9.309148,2.049601,1.932949
761,9.289650,2.101106,1.932682
762,9.270097,2.152806,1.932370
763,9.250458,2.204790,1.932013
764,9.230702,2.257146,1.931610
765,9.210802,2.309959,1.931159
766,9.190729,2.363310,1.930660
767,9.170458,2.417277,1.930110
768,9.149964,2.471935,1.929509
769,9.129227,2.527356,1.928855
770,9.108224,2.583605,1.928146
771,9.086938,2.640748,1.927379
772,9.065352,2.698842,1.926554
773,9.043453,2.757940,1.925669
774,9.021228,2.818092,1.924721
775,8.998668,2.879340,1.923710
776,8.975767,2.941722,1.922632
777,8.952521,3.005268,1.921489
778,8.928929,3.070001,1.920278
779,8.904994,3.135939,1.918998
780,8.880721,3.203090,1.917651
781,8.856119,3.271454,1.916235
782,8.831200,3.341024,1.914752
783,8.805978,3.411783,1.913203
784,8.780473,3.483705,1.911589
785,8.754705,3.556753,1.909915
786,8.728701,3.630883,1.908182
787,8.702487,3.706038,1.906394
788,8.676095,3.782156,1.904558
789,8.649557,3.859161,1.902677
790,8.622909,3.936970,1.900758
791,8.596187,4.015493,1.898808
792,8.569430,4.094629,1.896834
793,8.542680,4.174272,1.894843
794,8.515974,4.254309,1.892845
795,8.489354,4.334622,1.890846
796,8.462861,4.415092,1.888856
797,8.436533,4.495592,1.886884
798,8.410409,4.575999,1.884938
799,8.384524,4.656190,1.883025
800,8.358913,4.736044,1.881154
801,8.333609,4.815441,1.879332
802,8.308639,4.894267,1.877565
803,8.284030,4.972417,1.875860
804,8.259805,5.049792,1.874222
805,8.235982,5.126300,1.872654
806,8.212579,5.201859,1.871162
807,8.189607,5.276399,1.869747
808,8.167075,5.349858,1.868411
809,8.144989,5.422188,1.867156
810,8.123351,5.493350,1.865981
811,8.102160,5.563316,1.864887
812,8.081413,5.632070,1.863872
813,8.061103,5.699605,1.862936
814,8.041219,5.765927,1.862077
815,8.021750,5.831049,1.861292
816,8.002684,5.894994,1.860578
817,7.984002,5.957794,1.859935
818,7.965689,6.019487,1.859357
819,7.947724,6.080118,1.858844
820,7.930089,6.139740,1.858392
821,7.912760,6.198409,1.857998
822,7.895716,6.256186,1.857660
823,7.878932,6.313138,1.857375
824,7.862387,6.369331,1.857141
825,7.846055,6.424839,1.856956
826,7.829910,6.479735,1.856818
827,7.813930,6.534093,1.856725
828,7.798088,6.587991,1.856675
829,7.782360,6.641503,1.856668
830,7.766719,6.694708,1.856701
831,7.751143,6.747682,1.856775
832,7.735606,6.800500,1.856888
833,7.720083,6.853239,1.857041
834,7.704552,6.905972,1.857232
835,7.688987,6.958773,1.857462
836,7.673366,7.011713,1.857731
837,7.657665,7.064861,1.858040
838,7.641863,7.118284,1.858388
839,7.625937,7.172048,1.858776
840,7.609866,7.226217,1.859205
841,7.593630,7.280849,1.859676
842,7.577208,7.336002,1.860189
843,7.560581,7.391731,1.860747
844,7.543730,7.448087,1.861348
845,7.526637,7.505117,1.861996
846,7.509284,7.562866,1.862690
847,7.491657,7.621373,1.863432
848,7.473740,7.680673,1.864223
849,7.455518,7.740799,1.865063
850,7.436978,7.801777,1.865953
851,7.418109,7.863629,1.866895
852,7.398900,7.926372,1.867888
853,7.379343,7.990015,1.868932
854,7.359430,8.054564,1.870028
855,7.339155,8.120021,1.871176
856,7.318514,8.186376,1.872374
857,7.297506,8.253615,1.873621
858,7.276131,8.321721,1.874918
859,7.254390,8.390666,1.876260
860,7.232288,8.460419,1.877647
861,7.209833,8.530938,1.879076
862,7.187032,8.602180,1.880544
863,7.163898,8.674089,1.882047
864,7.140444,8.746611,1.883582
865,7.116688,8.819678,1.885144
866,7.092648,8.893223,1.886729
867,7.068344,8.967173,1.888331
868,7.043799,9.041449,1.889946
869,7.019041,9.115968,1.891567
870,6.994094,9.190645,1.893191
871,6.968989,9.265396,1.894809
872,6.943755,9.340133,1.896417
873,6.918423,9.414767,1.898010
874,6.893025,9.489212,1.899581
875,6.867593,9.563381,1.901124
876,6.842159,9.637192,1.902636
877,6.816755,9.710564,1.904111
878,6.791413,9.783421,1.905545
879,6.766162,9.855691,1.906933
880,6.741031,9.927308,1.908272
881,6.716048,9.998212,1.909560
882,6.691238,10.068350,1.910792
883,6.666624,10.137675,1.911969
884,6.642227,10.206146,1.913086
885,6.618065,10.273730,1.914145
886,6.594153,10.340404,1.915143
887,6.570506,10.406146,1.916082
888,6.547133,10.470947,1.916960
889,6.524042,10.534803,1.917778
890,6.501238,10.597716,1.918538
891,6.478723,10.659697,1.919240
892,6.456497,10.720757,1.919886
893,6.434557,10.780921,1.920476
894,6.412899,10.840214,1.921012
895,6.391516,10.898666,1.921497
896,6.370399,10.956314,1.921932
897,6.349536,11.013197,1.922317
898,6.328918,11.069357,1.922656
899,6.308529,11.124841,1.922950
900,6.288355,11.179698,1.923200
901,6.268380,11.233978,1.923407
902,6.248588,11.287737,1.923574
903,6.228960,11.341026,1.923701
904,6.209479,11.393904,1.923790
905,6.190125,11.446425,1.923841
906,6.170881,11.498649,1.923856
907,6.151727,11.550631,1.923835
908,6.132644,11.602428,1.923779
909,6.113613,11.654101,1.923688
910,6.094614,11.705705,1.923563
911,6.075629,11.757297,1.923405
912,6.056639,11.808932,1.923212
913,6.037627,11.860664,1.922986
914,6.018574,11.912549,1.922726
915,5.999464,11.964637,1.922432
916,5.980279,12.016979,1.922103
917,5.961007,12.069623,1.921740
918,5.941630,12.122616,1.921342
919,5.922135,12.176004,1.920908
920,5.902508,12.229832,1.920439
921,5.882738,12.284138,1.919932
922,5.862813,12.338961,1.919389
923,5.842725,12.394335,1.918808
924,5.822464,12.450294,1.918189
925,5.802022,12.506867,1.917531
926,5.781393,12.564084,1.916834
927,5.760572,12.621965,1.916098
928,5.739557,12.680531,1.915323
929,5.718344,12.739798,1.914507
930,5.696934,12.799778,1.913652
931,5.675327,12.860480,1.912757
932,5.653527,12.921909,1.911823
933,5.631536,12.984064,1.910850
934,5.609362,13.046942,1.909839
935,5.587011,13.110533,1.908792
936,5.564492,13.174823,1.907708
937,5.541816,13.239796,1.906590
938,5.518995,13.305428,1.905440
939,5.496041,13.371691,1.904259
940,5.472970,13.438555,1.903049
941,5.449798,13.505982,1.901814
942,5.426541,13.573935,1.900556
943,5.403218,13.642365,1.899278
944,5.379848,13.711227,1.897983
945,5.356449,13.780468,1.896675
946,5.333043,13.850034,1.895357
947,5.309650,13.919867,1.894033
948,5.286290,13.989908,1.892707
949,5.262986,14.060093,1.891383
950,5.239757,14.130362,1.890065
951,5.216623,14.200648,1.888757
952,5.193605,14.270890,1.887462
953,5.170722,14.341023,1.886184
954,5.147993,14.410985,1.884928
955,5.125433,14.480715,1.883697
956,5.103060,14.550154,1.882493
957,5.080888,14.619244,1.881320
958,5.058932,14.687933,1.880181
959,5.037203,14.756169,1.879078
960,5.015711,14.823910,1.878013
961,4.994467,14.891110,1.876989
962,4.973476,14.957734,1.876007
963,4.952747,15.023747,1.875068
964,4.932281,15.089123,1.874174
965,4.932281,15.089123,-1.909448
966,4.932281,15.089123,-1.909245
967,4.928826,15.079305,-1.909245
968,4.924688,15.067551,-1.909245
969,4.921052,15.057220,-1.909245
970,4.917865,15.048166,-1.909245
971,4.915061,15.040198,-1.909245
972,4.912593,15.033188,-1.909245
973,4.910425,15.027030,-1.909245
974,4.908524,15.021629,-1.909245
975,4.906859,15.016898,-1.909245
976,4.903745,15.008046,-1.909066
977,4.900321,14.998306,-1.908850
978,4.896100,14.986289,-1.908539
979,4.891386,14.972851,-1.908168
980,4.885994,14.957458,-1.907716
981,4.880043,14.940437,-1.907196
982,4.873462,14.921583,-1.906599
983,4.866301,14.901019,-1.905931
984,4.858533,14.878662,-1.905188
985,4.850181,14.854559,-1.904371
986,4.841236,14.828672,-1.903480
987,4.831712,14.801021,-1.902515
988,4.821606,14.771583,-1.901475
989,4.810928,14.740364,-1.900362
990,4.799681,14.707353,-1.899174
991,4.787870,14.672544,-1.897912
992,4.775502,14.635932,-1.896576
993,4.762582,14.597508,-1.895167
994,4.749117,14.557267,-1.893686
995,4.735114,14.515199,-1.892134
996,4.720579,14.471295,-1.890511
997,4.705520,14.425549,-1.888820
998,4.689943,14.377951,-1.887063
999,4.673858,14.328492,-1.885241
1000,4.657271,14.277164,-1.883357
1001,4.640191,14.223957,-1.881415
1002,4.622627,14.168863,-1.879418
1003,4.604587,14.111874,-1.877370
1004,4.586079,14.052979,-1.875275
1005,4.567113,13.992172,-1.873140
1006,4.547698,13.929445,-1.870970
1007,4.527842,13.864793,-1.868770
1008,4.507554,13.798208,-1.866549
1009,4.486843,13.729686,-1.864315
1010,4.465717,13.659221,-1.862075
1011,4.444185,13.586811,-1.859839
1012,4.422253,13.512455,-1.857618
1013,4.399930,13.436153,-1.855421
1014,4.377220,13.357905,-1.853261
1015,4.354131,13.277718,-1.851150
1016,4.330666,13.195591,-1.849100
1017,4.306829,13.111535,-1.847125
1018,4.282936,13.026681,-1.845265
1019,4.259995,12.944687,-1.843610
1020,4.238004,12.865644,-1.842155
1021,4.216930,12.789529,-1.840891
1022,4.196729,12.716252,-1.839804
1023,4.177345,12.645687,-1.838879
1024,4.158720,12.577679,-1.838102
1025,4.140793,12.512052,-1.837459
1026,4.123500,12.448617,-1.836937
1027,4.106777,12.387174,-1.836526
1028,4.090559,12.327514,-1.836214
1029,4.074783,12.269424,-1.835993
1030,4.059383,12.212692,-1.835855
1031,4.044297,12.157102,-1.835794
1032,4.029462,12.102442,-1.835804
1033,4.014819,12.048502,-1.835881
1034,4.000308,11.995078,-1.836023
1035,3.985871,11.941971,-1.836227
1036,3.971452,11.888986,-1.836494
1037,3.956996,11.835935,-1.836822
1038,3.942451,11.782636,-1.837213
1039,3.927764,11.728913,-1.837669
1040,3.912884,11.674600,-1.838191
1041,3.897763,11.619531,-1.838783
1042,3.882351,11.563551,-1.839448
1043,3.866602,11.506511,-1.840191
1044,3.850469,11.448268,-1.841017
1045,3.833907,11.388686,-1.841929
1046,3.816870,11.327638,-1.842935
1047,3.799317,11.265003,-1.844039
1048,3.781203,11.200670,-1.845248
1049,3.762494,11.134554,-1.846567
1050,3.743223,11.066826,-1.847997
1051,3.723351,10.997389,-1.849543
1052,3.702880,10.926309,-1.851206
1053,3.681785,10.853553,-1.852991
1054,3.660059,10.779146,-1.854897
1055,3.637678,10.703075,-1.856927
1056,3.614630,10.625353,-1.859082
1057,3.590893,10.545971,-1.861362
1058,3.566448,10.464934,-1.863765
1059,3.541275,10.382239,-1.866290
1060,3.515353,10.297886,-1.868936
1061,3.488661,10.211869,-1.871698
1062,3.461175,10.124189,-1.874573
1063,3.432873,10.034840,-1.877554
1064,3.403732,9.943818,-1.880636
1065,3.373730,9.851121,-1.883811
1066,3.342844,9.756742,-1.887070
1067,3.311051,9.660678,-1.890402
1068,3.278331,9.562922,-1.893796
1069,3.245068,9.464660,-1.897196
1070,3.211450,9.366439,-1.900568
1071,3.177577,9.268535,-1.903889
1072,3.143554,9.171222,-1.907136
1073,3.109490,9.074770,-1.910288
1074,3.075496,8.979436,-1.913325
1075,3.041679,8.885464,-1.916230
1076,3.008143,8.793074,-1.918988
1077,2.974987,8.702465,-1.921587
1078,2.942301,8.613810,-1.924020
1079,2.910164,8.527247,-1.926279
1080,2.878647,8.442892,-1.928364
1081,2.847806,8.360826,-1.930274
1082,2.817686,8.281100,-1.932011
1083,2.788320,8.203737,-1.933581
1084,2.759729,8.128733,-1.934989
1085,2.731920,8.056056,-1.936244
1086,2.704892,7.985653,-1.937353
1087,2.678632,7.917449,-1.938325
1088,2.653119,7.851352,-1.939170
1089,2.628323,7.787252,-1.939897
1090,2.604209,7.725029,-1.940515
1091,2.580736,7.664551,-1.941032
1092,2.557856,7.605677,-1.941456
1093,2.535520,7.548261,-1.941794
1094,2.513676,7.492151,-1.942053
1095,2.492269,7.437194,-1.942239
1096,2.471243,7.383234,-1.942356
1097,2.450542,7.330116,-1.942408
1098,2.430109,7.277683,-1.942400
1099,2.409887,7.225784,-1.942334
1100,2.389821,7.174266,-1.942211
1101,2.369857,7.122982,-1.942033
1102,2.349940,7.071785,-1.941801
1103,2.330020,7.020536,-1.941514
1104,2.310046,6.969095,-1.941173
1105,2.289970,6.917331,-1.940777
1106,2.269744,6.865112,-1.940323
1107,2.249326,6.812314,-1.939810
1108,2.228671,6.758815,-1.939236
1109,2.207741,6.704499,-1.938598
1110,2.186499,6.649256,-1.937893
1111,2.164908,6.592977,-1.937118
1112,2.142938,6.535563,-1.936269
1113,2.120558,6.476915,-1.935342
1114,2.097744,6.416947,-1.934334
1115,2.074471,6.355576,-1.933242
1116,2.050723,6.292722,-1.932060
1117,2.026483,6.228322,-1.930786
1118,2.001741,6.162313,-1.929416
1119,1.976491,6.094646,-1.927946
1120,1.950731,6.025281,-1.926375
1121,1.924466,5.954191,-1.924701
1122,1.897705,5.881359,-1.922921
1123,1.870462,5.806783,-1.921035
1124,1.842758,5.730472,-1.919044
1125,1.814619,5.652454,-1.916950
1126,1.786077,5.572773,-1.914756
1127,1.757170,5.491484,-1.912464
1128,1.727940,5.408666,-1.910083
1129,1.698438,5.324412,-1.907618
1130,1.668714,5.238831,-1.905078
1131,1.638827,5.152051,-1.902473
1132,1.608837,5.064216,-1.899816
1133,1.578808,4.975482,-1.897118
1134,1.548805,4.886023,-1.894395
1135,1.518893,4.796022,-1.891659
1136,1.489139,4.705671,-1.888928
1137,1.459607,4.615169,-1.886215
1138,1.430360,4.524719,-1.883538
1139,1.401457,4.434526,-1.880911
1140,1.372954,4.344791,-1.878348
1141,1.344903,4.255710,-1.875862
1142,1.317349,4.167470,-1.873467
1143,1.290332,4.080249,-1.871172
1144,1.263888,3.994208,-1.868986
1145,1.238042,3.909495,-1.866916
1146,1.212818,3.826236,-1.864968
1147,1.188230,3.744541,-1.863145
1148,1.164288,3.664499,-1.861449
1149,1.140994,3.586179,-1.859880
1150,1.118347,3.509629,-1.858436
1151,1.096339,3.434875,-1.857116
1152,1.074957,3.361925,-1.855917
1153,1.054185,3.290771,-1.854832
1154,1.034003,3.221386,-1.853859
1155,1.014386,3.153727,-1.852990
1156,0.995309,3.087739,-1.852222
1157,0.976741,3.023350,-1.851548
1158,0.958652,2.960480,-1.850962
1159,0.941008,2.899043,-1.850459
1160,0.923775,2.838941,-1.850034
1161,0.906917,2.780070,-1.849682
1162,0.890399,2.722322,-1.849398
1163,0.874184,2.665587,-1.849178
1164,0.858234,2.609747,-1.849018
1165,0.842513,2.554688,-1.848916
1166,0.826985,2.500290,-1.848869
1167,0.811611,2.446438,-1.848874
1168,0.796357,2.393013,-1.848929
1169,0.781185,2.339901,-1.849033
1170,0.766062,2.286986,-1.849186
1171,0.750950,2.234154,-1.849386
1172,0.735817,2.181296,-1.849633
1173,0.720629,2.128305,-1.849928
1174,0.705353,2.075075,-1.850271
1175,0.689957,2.021505,-1.850663
1176,0.674408,1.967497,-1.851105
1177,0.658677,1.912956,-1.851598
1178,0.642734,1.857790,-1.852145
1179,0.626548,1.801913,-1.852746
1180,0.610092,1.745242,-1.853405
1181,0.593338,1.687701,-1.854123
1182,0.576260,1.629214,-1.854902
1183,0.558830,1.569713,-1.855744
1184,0.541026,1.509135,-1.856653
1185,0.522824,1.447426,-1.857631
1186,0.504202,1.384535,-1.858678
1187,0.485138,1.320419,-1.859799
1188,0.465615,1.255041,-1.860994
1189,0.445614,1.188375,-1.862265
1190,0.425121,1.120402,-1.863613
1191,0.404123,1.051111,-1.865039
1192,0.382610,0.980503,-1.866544
1193,0.360574,0.908587,-1.868126
1194,0.338011,0.835385,-1.869785
1195,0.314919,0.760924,-1.871519
1196,0.291300,0.685251,-1.873326
1197,0.267162,0.608417,-1.875202
1198,0.242513,0.530489,-1.877143
1199,0.217368,0.451544,-1.879143
1200,0.191746,0.371668,-1.881198
1201,0.165671,0.290962,-1.883299
1202,0.139169,0.209532,-1.885439
1203,0.112273,0.127495,-1.887609
1204,0.085019,0.044979,-1.889801
1205,0.057447,-0.037889,-1.892004
1206,0.029600,-0.120967,-1.894209
1207,0.005114,-0.193553,-1.896146
1208,0.005114,-0.193553,-1.896146
1209,0.005114,-0.193553,-1.896146
1210,0.005114,-0.193553,-1.896146
1211,0.005114,-0.193553,-1.896146
1212,0.005114,-0.193553,-1.896146
1213,0.005114,-0.193553,-1.896146
1214,0.005114,-0.193553,-1.896146
1215,0.005114,-0.193553,-1.896146
1216,0.005114,-0.193553,-1.896146
1217,0.005114,-0.193553,-1.896146
1218,0.005114,-0.193553,-1.896146
1219,0.005114,-0.193553,-1.896146
1220,0.005114,-0.193553,-1.896146
1221,0.005114,-0.193553,-1.896146
1222,0.005114,-0.193553,-1.896146
1223,0.005114,-0.193553,-1.896146
1224,0.005114,-0.193553,-1.896146
1225,0.005114,-0.193553,-1.896146
1226,0.005114,-0.193553,-1.896146
1227,0.005114,-0.193553,-1.896146
1228,0.005114,-0.193553,-1.896146
1229,0.005114,-0.193553,-1.896146
1230,0.005114,-0.193553,-1.896146
1231,0.005114,-0.193553,-1.896146
1232,0.005114,-0.193553,-1.896146
1233,0.005114,-0.193553,-1.896146
1234,0.005114,-0.193553,-1.896146
1235,0.005114,-0.193553,-1.896146
1236,0.005114,-0.193553,-1.896146
1237,0.005114,-0.193553,-1.896146
1238,0.005114,-0.193553,-1.896146
1239,0.005114,-0.193553,-1.896146
1240,0.005114,-0.193553,-1.896146
1241,0.005114,-0.193553,-1.896146
1242,0.005114,-0.193553,-1.896146
1243,0.005114,-0.193553,-1.896146
1244,0.005114,-0.193553,-1.896146
1245,0.005114,-0.193553,-1.896146
1246,0.005114,-0.193553,-1.896146
1247,0.005114,-0.193553,-1.896146
1248,0.005114,-0.193553,-1.896146
1249,0.005114,-0.193553,-1.896146
1250,0.005114,-0.193553,-1.896146
1251,0.005114,-0.193553,-1.896146
1252,0.005114,-0.193553,-1.896146
1253,0.005114,-0.193553,-1.896146
1254,0.005114,-0.193553,-1.896146
1255,0.005114,-0.193553,-1.896146
1256,0.005114,-0.193553,-1.896146
1257,0.005114,-0.193553,-1.896146
1258,0.005114,-0.193553,-1.896146
1259,0.005114,-0.193553,-1.896146
1260,0.005114,-0.193553,-1.896146
1261,0.005114,-0.193553,-1.896146
1262,0.005114,-0.193553,-1.896146
1263,0.005114,-0.193553,-1.896146
1264,0.005114,-0.193553,-1.896146
1265,0.005114,-0.193553,-1.896146
1266,0.005114,-0.193553,-1.896146
1267,0.005114,-0.193553,-1.896146
1268,0.005114,-0.193553,-1.896146
1269,0.005114,-0.193553,-1.896146
1270,0.005114,-0.193553,-1.896146
1271,0.005114,-0.193553,-1.896146
1272,0.005114,-0.193553,-1.896146
1273,0.005114,-0.193553,-1.896146
1274,0.005114,-0.193553,-1.896146
1275,0.005114,-0.193553,-1.896146
1276,0.005114,-0.193553,-1.896146
1277,0.005114,-0.193553,-1.896146
1278,0.005114,-0.193553,-1.896146
1279,0.005114,-0.193553,-1.896146
1280,0.005114,-0.193553,-1.896146
1281,0.005114,-0.193553,-1.896146
1282,0.005114,-0.193553,-1.896146
1283,0.005114,-0.193553,-1.896146
1284,0.005114,-0.193553,-1.896146
1285,0.005114,-0.193553,-1.896146
1286,0.005114,-0.193553,-1.896146
1287,0.005114,-0.193553,-1.896146
1288,0.005114,-0.193553,-1.896146
1289,0.005114,-0.193553,-1.896146
1290,0.005114,-0.193553,-1.896146
1291,0.005114,-0.193553,-1.896146
1292,0.005114,-0.193553,-1.896146
1293,0.005114,-0.193553,-1.896146
1294,0.005114,-0.193553,-1.896146
1295,0.005114,-0.193553,-1.896146
1296,0.005114,-0.193553,-1.896146
1297,0.005114,-0.193553,-1.896146
1298,0.005114,-0.193553,-1.896146
1299,0.005114,-0.193553,-1.896146
1300,0.005114,-0.193553,-1.896146
1301,0.005114,-0.193553,-1.896146
1302,0.005114,-0.193553,-1.896146
1303,0.005114,-0.193553,-1.896146
1304,0.005114,-0.193553,-1.896146
1305,0.005114,-0.193553,-1.896146
1306,0.005114,-0.193553,-1.896146
1307,0.005114,-0.193553,-1.896146
1308,0.005114,-0.193553,-1.896146
1309,0.005114,-0.193553,-1.896146
1310,0.005114,-0.193553,-1.896146
1311,0.005114,-0.193553,-1.896146
1312,0.005114,-0.193553,-1.896146
1313,0.005114,-0.193553,-1.896146
1314,0.005114,-0.193553,-1.896146
1315,0.005114,-0.193553,-1.896146
1316,0.005114,-0.193553,-1.896146
1317,0.005114,-0.193553,-1.896146
1318,0.005114,-0.193553,-1.896146
1319,0.005114,-0.193553,-1.896146
1320,0.005114,-0.193553,-1.896146
1321,0.005114,-0.193553,-1.896146
1322,0.005114,-0.193553,-1.896146
1323,0.005114,-0.193553,-1.896146
1324,0.005114,-0.193553,-1.896146
1325,0.005114,-0.193553,-1.896146
1326,0.005114,-0.193553,-1.896146
1327,0.005114,-0.193553,-1.896146
1328,0.005114,-0.193553,-1.896146
1329,0.005114,-0.193553,-1.896146
1330,0.005114,-0.193553,-1.896146
1331,0.005114,-0.193553,-1.896146
1332,0.005114,-0.193553,-1.896146
1333,0.005114,-0.193553,-1.896146
1334,0.005114,-0.193553,-1.896146
1335,0.005114,-0.193553,-1.896146
1336,0.005114,-0.193553,-1.896146
1337,0.005114,-0.193553,-1.896146
1338,0.005114,-0.193553,-1.896146
1339,0.005114,-0.193553,-1.896146
1340,0.005114,-0.193553,-1.896146
1341,0.005114,-0.193553,-1.896146
1342,0.005114,-0.193553,-1.896146
1343,0.005114,-0.193553,-1.896146
1344,0.005114,-0.193553,-1.896146
1345,0.005114,-0.193553,-1.896146
1346,0.005114,-0.193553,-1.896146
1347,0.005114,-0.193553,-1.896146
1348,0.005114,-0.193553,-1.896146
1349,0.005114,-0.193553,-1.896146
1350,0.005114,-0.193553,-1.896146
1351,0.005114,-0.193553,-1.896146
1352,0.005114,-0.193553,-1.896146
1353,0.005114,-0.193553,-1.896146
1354,0.005114,-0.193553,-1.896146
1355,0.005114,-0.193553,-1.896146
1356,0.005114,-0.193553,-1.896146
1357,0.005114,-0.193553,-1.896146
1358,0.005114,-0.193553,-1.896146
1359,0.005114,-0.193553,-1.896146
1360,0.005114,-0.193553,-1.896146
1361,0.005114,-0.193553,-1.896146
1362,0.005114,-0.193553,-1.896146
1363,0.005114,-0.193553,-1.896146
1364,0.005114,-0.193553,-1.896146
1365,0.005114,-0.193553,-1.896146
1366,0.005114,-0.193553,-1.896146
1367,0.005114,-0.193553,-1.896146
1368,0.005114,-0.193553,-1.896146
1369,0.005114,-0.193553,-1.896146
1370,0.005114,-0.193553,-1.896146
1371,0.005114,-0.193553,-1.896146
1372,0.005114,-0.193553,-1.896146
1373,0.005114,-0.193553,-1.896146
1374,0.005114,-0.193553,-1.896146
1375,0.005114,-0.193553,-1.896146
1376,0.005114,-0.193553,-1.896146
1377,0.005114,-0.193553,-1.896146
1378,0.005114,-0.193553,-1.896146
1379,0.005114,-0.193553,-1.896146
1380,0.005114,-0.193553,-1.896146
1381,0.005114,-0.193553,-1.896146
1382,0.005114,-0.193553,-1.896146
1383,0.005114,-0.193553,-1.896146
1384,0.005114,-0.193553,-1.896146
1385,0.005114,-0.193553,-1.896146
1386,0.005114,-0.193553,-1.896146
1387,0.005114,-0.193553,-1.896146
1388,0.005114,-0.193553,-1.896146
1389,0.005114,-0.193553,-1.896146
1390,0.005114,-0.193553,-1.896146
1391,0.005114,-0.193553,-1.896146
1392,0.005114,-0.193553,-1.896146
1393,0.005114,-0.193553,-1.896146
1394,0.005114,-0.193553,-1.896146
1395,0.005114,-0.193553,-1.896146
1396,0.005114,-0.193553,-1.896146
1397,0.005114,-0.193553,-1.896146
1398,0.005114,-0.193553,-1.896146
1399,0.005114,-0.193553,-1.896146
1400,0.005114,-0.193553,-1.896146
1401,0.005114,-0.193553,-1.896146
1402,0.005114,-0.193553,-1.896146
1403,0.005114,-0.193553,-1.896146
1404,0.005114,-0.193553,-1.896146
1405,0.005114,-0.193553,-1.896146
1406,0.005114,-0.193553,-1.896146
1407,0.005114,-0.193553,-1.896146
1408,0.005114,-0.193553,-1.896146
1409,0.005114,-0.193553,-1.896146
1410,0.005114,-0.193553,-1.896146
1411,0.005114,-0.193553,-1.896146
1412,0.005114,-0.193553,-1.896146
1413,0.005114,-0.193553,-1.896146
1414,0.005114,-0.193553,-1.896146
1415,0.005114,-0.193553,-1.896146
1416,0.005114,-0.193553,-1.896146
1417,0.005114,-0.193553,-1.896146
1418,0.005114,-0.193553,-1.896146
1419,0.005114,-0.193553,-1.896146
1420,0.005114,-0.193553,-1.896146
1421,0.005114,-0.193553,-1.896146
1422,0.005114,-0.193553,-1.896146
1423,0.005114,-0.193553,-1.896146
1424,0.005114,-0.193553,-1.896146
1425,0.005114,-0.193553,-1.896146
1426,0.005114,-0.193553,-1.896146
1427,0.005114,-0.193553,-1.896146
1428,0.005114,-0.193553,-1.896146
1429,0.005114,-0.193553,-1.896146
1430,0.005114,-0.193553,-1.896146
1431,0.005114,-0.193553,-1.896146
1432,0.005114,-0.193553,-1.896146
1433,0.005114,-0.193553,-1.896146
1434,0.005114,-0.193553,-1.896146
1435,0.005114,-0.193553,-1.896146
1436,0.005114,-0.193553,-1.896146
1437,0.005114,-0.193553,-1.896146
1438,0.005114,-0.193553,-1.896146
1439,0.005114,-0.193553,-1.896146
1440,0.005114,-0.193553,-1.896146
1441,0.005114,-0.193553,-1.896146
1442,0.005114,-0.193553,-1.896146
1443,0.005114,-0.193553,-1.896146
1444,0.005114,-0.193553,-1.896146
1445,0.005114,-0.193553,-1.896146
1446,0.005114,-0.193553,-1.896146
1447,0.005114,-0.193553,-1.896146
1448,0.005114,-0.193553,-1.896146
1449,0.005114,-0.193553,-1.896146
1450,0.005114,-0.193553,-1.896146
1451,0.005114,-0.193553,-1.896146
1452,0.005114,-0.193553,-1.896146
1453,0.005114,-0.193553,-1.896146
1454,0.005114,-0.193553,-1.896146
1455,0.005114,-0.193553,-1.896146
1456,0.005114,-0.193553,-1.896146
1457,0.005114,-0.193553,-1.896146
1458,0.005114,-0.193553,-1.896146
1459,0.005114,-0.193553,-1.896146
1460,0.005114,-0.193553,-1.896146
1461,0.005114,-0.193553,-1.896146
1462,0.005114,-0.193553,-1.896146
1463,0.005114,-0.193553,-1.896146
1464,0.005114,-0.193553,-1.896146
1465,0.005114,-0.193553,-1.896146
1466,0.005114,-0.193553,-1.896146
1467,0.005114,-0.193553,-1.896146
1468,0.005114,-0.193553,-1.896146
1469,0.005114,-0.193553,-1.896146
1470,0.005114,-0.193553,-1.896146
1471,0.005114,-0.193553,-1.896146
1472,0.005114,-0.193553,-1.896146
1473,0.005114,-0.193553,-1.896146
1474,0.005114,-0.193553,-1.896146
1475,0.005114,-0.193553,-1.896146
1476,0.005114,-0.193553,-1.896146
1477,0.005114,-0.193553,-1.896146
1478,0.005114,-0.193553,-1.896146
1479,0.005114,-0.193553,-1.896146
1480,0.005114,-0.193553,-1.896146
1481,0.005114,-0.193553,-1.896146
1482,0.005114,-0.193553,-1.896146
1483,0.005114,-0.193553,-1.896146
1484,0.005114,-0.193553,-1.896146
1485,0.005114,-0.193553,-1.896146
1486,0.005114,-0.193553,-1.896146
1487,0.005114,-0.193553,-1.896146
1488,0.005114,-0.193553,-1.896146
1489,0.005114,-0.193553,-1.896146
1490,0.005114,-0.193553,-1.896146
1491,0.005114,-0.193553,-1.896146
1492,0.005114,-0.193553,-1.896146
1493,0.005114,-0.193553,-1.896146
1494,0.005114,-0.193553,-1.896146
1495,0.005114,-0.193553,-1.896146
1496,0.005114,-0.193553,-1.896146
1497,0.005114,-0.193553,-1.896146
1498,0.005114,-0.193553,-1.896146
1499,0.005114,-0.193553,-1.896146
1500,0.005114,-0.193553,-1.896146
1501,0.005114,-0.193553,-1.896146
1502,0.005114,-0.193553,-1.896146
1503,0.005114,-0.193553,-1.896146
1504,0.005114,-0.193553,-1.896146
1505,0.005114,-0.193553,-1.896146
1506,0.005114,-0.193553,-1.896146
1507,0.005114,-0.193553,-1.896146
1508,0.005114,-0.193553,-1.896146
1509,0.005114,-0.193553,-1.896146
1510,0.005114,-0.193553,-1.896146
1511,0.005114,-0.193553,-1.896146
1512,0.005114,-0.193553,-1.896146
1513,0.005114,-0.193553,-1.896146
1514,0.005114,-0.193553,-1.896146
1515,0.005114,-0.193553,-1.896146
1516,0.005114,-0.193553,-1.896146
1517,0.005114,-0.193553,-1.896146
1518,0.005114,-0.193553,-1.896146
1519,0.005114,-0.193553,-1.896146
1520,0.005114,-0.193553,-1.896146
1521,0.005114,-0.193553,-1.896146
1522,0.005114,-0.193553,-1.896146
1523,0.005114,-0.193553,-1.896146
1524,0.005114,-0.193553,-1.896146
1525,0.005114,-0.193553,-1.896146
1526,0.005114,-0.193553,-1.896146
1527,0.005114,-0.193553,-1.896146
1528,0.005114,-0.193553,-1.896146
1529,0.005114,-0.193553,-1.896146
1530,0.005114,-0.193553,-1.896146
1531,0.005114,-0.193553,-1.896146
1532,0.005114,-0.193553,-1.896146
1533,0.005114,-0.193553,-1.896146
1534,0.005114,-0.193553,-1.896146
1535,0.005114,-0.193553,-1.896146
1536,0.005114,-0.193553,-1.896146
1537,0.005114,-0.193553,-1.896146
1538,0.005114,-0.193553,-1.896146
1539,0.005114,-0.193553,-1.896146
1540,0.005114,-0.193553,-1.896146
1541,0.005114,-0.193553,-1.896146
1542,0.005114,-0.193553,-1.896146
1543,0.005114,-0.193553,-1.896146
1544,0.005114,-0.193553,-1.896146
1545,0.005114,-0.193553,-1.896146
1546,0.005114,-0.193553,-1.896146
1547,0.005114,-0.193553,-1.896146
1548,0.005114,-0.193553,-1.896146
1549,0.005114,-0.193553,-1.896146
1550,0.005114,-0.193553,-1.896146
1551,0.005114,-0.193553,-1.896146
1552,0.005114,-0.193553,-1.896146
1553,0.005114,-0.193553,-1.896146
1554,0.005114,-0.193553,-1.896146
1555,0.005114,-0.193553,-1.896146
1556,0.005114,-0.193553,-1.896146
1557,0.005114,-0.193553,-1.896146
1558,0.005114,-0.193553,-1.896146
1559,0.005114,-0.193553,-1.896146
1560,0.005114,-0.193553,-1.896146
1561,0.005114,-0.193553,-1.896146
1562,0.005114,-0.193553,-1.896146
1563,0.005114,-0.193553,-1.896146
1564,0.005114,-0.193553,-1.896146
1565,0.005114,-0.193553,-1.896146
1566,0.005114,-0.193553,-1.896146
1567,0.005114,-0.193553,-1.896146
1568,0.005114,-0.193553,-1.896146
1569,0.005114,-0.193553,-1.896146
1570,0.005114,-0.193553,-1.896146
1571,0.005114,-0.193553,-1.896146
1572,0.005114,-0.193553,-1.896146
1573,0.005114,-0.193553,-1.896146
1574,0.005114,-0.193553,-1.896146
1575,0.005114,-0.193553,-1.896146
1576,0.005114,-0.193553,-1.896146
1577,0.005114,-0.193553,-1.896146
1578,0.005114,-0.193553,-1.896146
1579,0.005114,-0.193553,-1.896146
1580,0.005114,-0.193553,-1.896146
1581,0.005114,-0.193553,-1.896146
1582,0.005114,-0.193553,-1.896146
1583,0.005114,-0.193553,-1.896146
1584,0.005114,-0.193553,-1.896146
1585,0.005114,-0.193553,-1.896146
1586,0.005114,-0.193553,-1.896146
1587,0.005114,-0.193553,-1.896146
1588,0.005114,-0.193553,-1.896146
1589,0.005114,-0.193553,-1.896146
1590,0.005114,-0.193553,-1.896146
1591,0.005114,-0.193553,-1.896146
1592,0.005114,-0.193553,-1.896146
1593,0.005114,-0.193553,-1.896146
1594,0.005114,-0.193553,-1.896146
1595,0.005114,-0.193553,-1.896146
1596,0.005114,-0.193553,-1.896146
1597,0.005114,-0.193553,-1.896146
1598,0.005114,-0.193553,-1.896146
1599,0.005114,-0.193553,-1.896146
1600,0.005114,-0.193553,-1.896146
1601,0.005114,-0.193553,-1.896146
1602,0.005114,-0.193553,-1.896146
1603,0.005114,-0.193553,-1.896146
1604,0.005114,-0.193553,-1.896146
1605,0.005114,-0.193553,-1.896146
1606,0.005114,-0.193553,-1.896146
1607,0.005114,-0.193553,-1.896146
1608,0.005114,-0.193553,-1.896146
1609,0.005114,-0.193553,-1.896146
1610,0.005114,-0.193553,-1.896146
1611,0.005114,-0.193553,-1.896146
1612,0.005114,-0.193553,-1.896146
1613,0.005114,-0.193553,-1.896146
1614,0.005114,-0.193553,-1.896146
1615,0.005114,-0.193553,-1.896146
1616,0.005114,-0.193553,-1.896146
1617,0.005114,-0.193553,-1.896146
1618,0.005114,-0.193553,-1.896146
1619,0.005114,-0.193553,-1.896146
1620,0.005114,-0.193553,-1.896146
1621,0.005114,-0.193553,-1.896146
1622,0.005114,-0.193553,-1.896146
1623,0.005114,-0.193553,-1.896146
1624,0.005114,-0.193553,-1.896146
1625,0.005114,-0.193553,-1.896146
1626,0.005114,-0.193553,-1.896146
1627,0.005114,-0.193553,-1.896146
1628,0.005114,-0.193553,-1.896146
1629,0.005114,-0.193553,-1.896146
1630,0.005114,-0.193553,-1.896146
1631,0.005114,-0.193553,-1.896146
1632,0.005114,-0.193553,-1.896146
1633,0.005114,-0.193553,-1.896146
1634,0.005114,-0.193553,-1.896146
1635,0.005114,-0.193553,-1.896146
1636,0.005114,-0.193553,-1.896146
1637,0.005114,-0.193553,-1.896146
1638,0.005114,-0.193553,-1.896146
1639,0.005114,-0.193553,-1.896146
1640,0.005114,-0.193553,-1.896146
1641,0.005114,-0.193553,-1.896146
1642,0.005114,-0.193553,-1.896146
1643,0.005114,-0.193553,-1.896146
1644,0.005114,-0.193553,-1.896146
1645,0.005114,-0.193553,-1.896146
1646,0.005114,-0.193553,-1.896146
1647,0.005114,-0.193553,-1.896146
1648,0.005114,-0.193553,-1.896146
1649,0.005114,-0.193553,-1.896146
1650,0.005114,-0.193553,-1.896146
1651,0.005114,-0.193553,-1.896146
1652,0.005114,-0.193553,-1.896146
1653,0.005114,-0.193553,-1.896146
1654,0.005114,-0.193553,-1.896146
1655,0.005114,-0.193553,-1.896146
1656,0.005114,-0.193553,-1.896146
1657,0.005114,-0.193553,-1.896146
1658,0.005114,-0.193553,-1.896146
1659,0.005114,-0.193553,-1.896146
1660,0.005114,-0.193553,-1.896146
1661,0.005114,-0.193553,-1.896146
1662,0.005114,-0.193553,-1.896146
1663,0.005114,-0.193553,-1.896146
1664,0.005114,-0.193553,-1.896146
1665,0.005114,-0.193553,-1.896146
1666,0.005114,-0.193553,-1.896146
1667,0.005114,-0.193553,-1.896146
1668,0.005114,-0.193553,-1.896146
1669,0.005114,-0.193553,-1.896146
1670,0.005114,-0.193553,-1.896146
1671,0.005114,-0.193553,-1.896146
1672,0.005114,-0.193553,-1.896146
1673,0.005114,-0.193553,-1.896146
1674,0.005114,-0.193553,-1.896146
1675,0.005114,-0.193553,-1.896146
1676,0.005114,-0.193553,-1.896146
1677,0.005114,-0.193553,-1.896146
1678,0.005114,-0.193553,-1.896146
1679,0.005114,-0.193553,-1.896146
1680,0.005114,-0.193553,-1.896146
1681,0.005114,-0.193553,-1.896146
1682,0.005114,-0.193553,-1.896146
1683,0.005114,-0.193553,-1.896146
1684,0.005114,-0.193553,-1.896146
1685,0.005114,-0.193553,-1.896146
1686,0.005114,-0.193553,-1.896146
1687,0.005114,-0.193553,-1.896146
1688,0.005114,-0.193553,-1.896146
1689,0.005114,-0.193553,-1.896146
1690,0.005114,-0.193553,-1.896146
1691,0.005114,-0.193553,-1.896146
1692,0.005114,-0.193553,-1.896146
1693,0.005114,-0.193553,-1.896146
1694,0.005114,-0.193553,-1.896146
1695,0.005114,-0.193553,-1.896146
1696,0.005114,-0.193553,-1.896146
1697,0.005114,-0.193553,-1.896146
1698,0.005114,-0.193553,-1.896146
1699,0.005114,-0.193553,-1.896146
1700,0.005114,-0.193553,-1.896146
1701,0.005114,-0.193553,-1.896146
1702,0.005114,-0.193553,-1.896146
1703,0.005114,-0.193553,-1.896146
1704,0.005114,-0.193553,-1.896146
1705,0.005114,-0.193553,-1.896146
1706,0.005114,-0.193553,-1.896146
1707,0.005114,-0.193553,-1.896146
1708,0.005114,-0.193553,-1.896146
1709,0.005114,-0.193553,-1.896146
1710,0.005114,-0.193553,-1.896146
1711,0.005114,-0.193553,-1.896146
1712,0.005114,-0.193553,-1.896146
1713,0.005114,-0.193553,-1.896146
1714,0.005114,-0.193553,-1.896146
1715,0.005114,-0.193553,-1.896146
1716,0.005114,-0.193553,-1.896146
1717,0.005114,-0.193553,-1.896146
1718,0.005114,-0.193553,-1.896146
1719,0.005114,-0.193553,-1.896146
1720,0.005114,-0.193553,-1.896146
1721,0.005114,-0.193553,-1.896146
1722,0.005114,-0.193553,-1.896146
1723,0.005114,-0.193553,-1.896146
1724,0.005114,-0.193553,-1.896146
1725,0.005114,-0.193553,-1.896146
1726,0.005114,-0.193553,-1.896146
1727,0.005114,-0.193553,-1.896146
1728,0.005114,-0.193553,-1.896146
1729,0.005114,-0.193553,-1.896146
1730,0.005114,-0.193553,-1.896146
1731,0.005114,-0.193553,-1.896146
1732,0.005114,-0.193553,-1.896146
1733,0.005114,-0.193553,-1.896146
1734,0.005114,-0.193553,-1.896146
1735,0.005114,-0.193553,-1.896146
1736,0.005114,-0.193553,-1.896146
1737,0.005114,-0.193553,-1.896146
1738,0.005114,-0.193553,-1.896146
1739,0.005114,-0.193553,-1.896146
1740,0.005114,-0.193553,-1.896146
1741,0.005114,-0.193553,-1.896146
1742,0.005114,-0.193553,-1.896146
1743,0.005114,-0.193553,-1.896146
1744,0.005114,-0.193553,-1.896146
1745,0.005114,-0.193553,-1.896146
1746,0.005114,-0.193553,-1.896146
1747,0.005114,-0.193553,-1.896146
1748,0.005114,-0.193553,-1.896146
1749,0.005114,-0.193553,-1.896146
1750,0.005114,-0.193553,-1.896146
1751,0.005114,-0.193553,-1.896146
1752,0.005114,-0.193553,-1.896146
1753,0.005114,-0.193553,-1.896146
1754,0.005114,-0.193553,-1.896146
1755,0.005114,-0.193553,-1.896146
1756,0.005114,-0.193553,-1.896146
1757,0.005114,-0.193553,-1.896146
1758,0.005114,-0.193553,-1.896146
1759,0.005114,-0.193553,-1.896146
1760,0.005114,-0.193553,-1.896146
1761,0.005114,-0.193553,-1.896146
1762,0.005114,-0.193553,-1.896146
1763,0.005114,-0.193553,-1.896146
1764,0.005114,-0.193553,-1.896146
1765,0.005114,-0.193553,-1.896146
1766,0.005114,-0.193553,-1.896146
1767,0.005114,-0.193553,-1.896146
1768,0.005114,-0.193553,-1.896146
1769,0.005114,-0.193553,-1.896146
1770,0.005114,-0.193553,-1.896146
1771,0.005114,-0.193553,-1.896146
1772,0.005114,-0.193553,-1.896146
1773,0.005114,-0.193553,-1.896146
1774,0.005114,-0.193553,-1.896146
1775,0.005114,-0.193553,-1.896146
1776,0.005114,-0.193553,-1.896146
1777,0.005114,-0.193553,-1.896146
1778,0.005114,-0.193553,-1.896146
1779,0.005114,-0.193553,-1.896146
1780,0.005114,-0.193553,-1.896146
1781,0.005114,-0.193553,-1.896146
1782,0.005114,-0.193553,-1.896146
1783,0.005114,-0.193553,-1.896146
1784,0.005114,-0.193553,-1.896146
1785,0.005114,-0.193553,-1.896146
1786,0.005114,-0.193553,-1.896146
1787,0.005114,-0.193553,-1.896146
1788,0.005114,-0.193553,-1.896146
1789,0.005114,-0.193553,-1.896146
1790,0.005114,-0.193553,-1.896146
1791,0.005114,-0.193553,-1.896146
1792,0.005114,-0.193553,-1.896146
1793,0.005114,-0.193553,-1.896146
1794,0.005114,-0.193553,-1.896146
1795,0.005114,-0.193553,-1.896146
1796,0.005114,-0.193553,-1.896146
1797,0.005114,-0.193553,-1.896146
1798,0.005114,-0.193553,-1.896146
1799,0.005114,-0.193553,-1.896146
1800,0.005114,-0.193553,-1.896146
1801,0.005114,-0.193553,-1.896146
1802,0.005114,-0.193553,-1.896146
1803,0.005114,-0.193553,-1.896146
1804,0.005114,-0.193553,-1.896146
1805,0.005114,-0.193553,-1.896146
1806,0.005114,-0.193553,-1.896146
1807,0.005114,-0.193553,-1.896146
1808,0.005114,-0.193553,-1.896146
1809,0.005114,-0.193553,-1.896146
1810,0.005114,-0.193553,-1.896146
1811,0.005114,-0.193553,-1.896146
1812,0.005114,-0.193553,-1.896146
1813,0.005114,-0.193553,-1.896146
1814,0.005114,-0.193553,-1.896146
1815,0.005114,-0.193553,-1.896146
1816,0.005114,-0.193553,-1.896146
1817,0.005114,-0.193553,-1.896146
1818,0.005114,-0.193553,-1.896146
1819,0.005114,-0.193553,-1.896146
1820,0.005114,-0.193553,-1.896146
1821,0.005114,-0.193553,-1.896146
1822,0.005114,-0.193553,-1.896146
1823,0.005114,-0.193553,-1.896146
1824,0.005114,-0.193553,-1.896146
1825,0.005114,-0.193553,-1.896146
1826,0.005114,-0.193553,-1.896146
1827,0.005114,-0.193553,-1.896146
1828,0.005114,-0.193553,-1.896146
1829,0.005114,-0.193553,-1.896146
1830,0.005114,-0.193553,-1.896146
1831,0.005114,-0.193553,-1.896146
1832,0.005114,-0.193553,-1.896146
1833,0.005114,-0.193553,-1.896146
1834,0.005114,-0.193553,-1.896146
1835,0.005114,-0.193553,-1.896146
1836,0.005114,-0.193553,-1.896146
1837,0.005114,-0.193553,-1.896146
1838,0.005114,-0.193553,-1.896146
1839,0.005114,-0.193553,-1.896146
1840,0.005114,-0.193553,-1.896146
1841,0.005114,-0.193553,-1.896146
1842,0.005114,-0.193553,-1.896146
1843,0.005114,-0.193553,-1.896146
1844,0.005114,-0.193553,-1.896146
1845,0.005114,-0.193553,-1.896146
1846,0.005114,-0.193553,-1.896146
1847,0.005114,-0.193553,-1.896146
1848,0.005114,-0.193553,-1.896146
1849,0.005114,-0.193553,-1.896146
1850,0.005114,-0.193553,-1.896146
1851,0.005114,-0.193553,-1.896146
1852,0.005114,-0.193553,-1.896146
1853,0.005114,-0.193553,-1.896146
1854,0.005114,-0.193553,-1.896146
1855,0.005114,-0.193553,-1.896146
1856,0.005114,-0.193553,-1.896146
1857,0.005114,-0.193553,-1.896146
1858,0.005114,-0.193553,-1.896146
1859,0.005114,-0.193553,-1.896146
1860,0.005114,-0.193553,-1.896146
1861,0.005114,-0.193553,-1.896146
1862,0.005114,-0.193553,-1.896146
1863,0.005114,-0.193553,-1.896146
1864,0.005114,-0.193553,-1.896146
1865,0.005114,-0.193553,-1.896146
1866,0.005114,-0.193553,-1.896146
1867,0.005114,-0.193553,-1.896146
1868,0.005114,-0.193553,-1.896146
1869,0.005114,-0.193553,-1.896146
1870,0.005114,-0.193553,-1.896146
1871,0.005114,-0.193553,-1.896146
1872,0.005114,-0.193553,-1.896146
1873,0.005114,-0.193553,-1.896146
1874,0.005114,-0.193553,-1.896146
1875,0.005114,-0.193553,-1.896146
1876,0.005114,-0.193553,-1.896146
1877,0.005114,-0.193553,-1.896146
1878,0.005114,-0.193553,-1.896146
1879,0.005114,-0.193553,-1.896146
1880,0.005114,-0.193553,-1.896146
1881,0.005114,-0.193553,-1.896146
1882,0.005114,-0.193553,-1.896146
1883,0.005114,-0.193553,-1.896146
1884,0.005114,-0.193553,-1.896146
1885,0.005114,-0.193553,-1.896146
1886,0.005114,-0.193553,-1.896146
1887,0.005114,-0.193553,-1.896146
1888,0.005114,-0.193553,-1.896146
1889,0.005114,-0.193553,-1.896146
1890,0.005114,-0.193553,-1.896146
1891,0.005114,-0.193553,-1.896146
1892,0.005114,-0.193553,-1.896146
1893,0.005114,-0.193553,-1.896146
1894,0.005114,-0.193553,-1.896146
1895,0.005114,-0.193553,-1.896146
1896,0.005114,-0.193553,-1.896146
1897,0.005114,-0.193553,-1.896146
1898,0.005114,-0.193553,-1.896146
1899,0.005114,-0.193553,-1.896146
1900,0.005114,-0.193553,-1.896146
1901,0.005114,-0.193553,-1.896146
1902,0.005114,-0.193553,-1.896146
1903,0.005114,-0.193553,-1.896146
1904,0.005114,-0.193553,-1.896146
1905,0.005114,-0.193553,-1.896146
1906,0.005114,-0.193553,-1.896146
1907,0.005114,-0.193553,-1.896146
1908,0.005114,-0.193553,-1.896146
1909,0.005114,-0.193553,-1.896146
1910,0.005114,-0.193553,-1.896146
1911,0.005114,-0.193553,-1.896146
1912,0.005114,-0.193553,-1.896146
1913,0.005114,-0.193553,-1.896146
1914,0.005114,-0.193553,-1.896146
1915,0.005114,-0.193553,-1.896146
1916,0.005114,-0.193553,-1.896146
1917,0.005114,-0.193553,-1.896146
1918,0.005114,-0.193553,-1.896146
1919,0.005114,-0.193553,-1.896146
1920,0.005114,-0.193553,-1.896146
1921,0.005114,-0.193553,-1.896146
1922,0.005114,-0.193553,-1.896146
1923,0.005114,-0.193553,-1.896146
1924,0.005114,-0.193553,-1.896146
1925,0.005114,-0.193553,-1.896146
1926,0.005114,-0.193553,-1.896146
1927,0.005114,-0.193553,-1.896146
1928,0.005114,-0.193553,-1.896146
1929,0.005114,-0.193553,-1.896146
1930,0.005114,-0.193553,-1.896146
1931,0.005114,-0.193553,-1.896146
1932,0.005114,-0.193553,-1.896146
1933,0.005114,-0.193553,-1.896146
1934,0.005114,-0.193553,-1.896146
1935,0.005114,-0.193553,-1.896146
1936,0.005114,-0.193553,-1.896146
1937,0.005114,-0.193553,-1.896146
1938,0.005114,-0.193553,-1.896146
1939,0.005114,-0.193553,-1.896146
1940,0.005114,-0.193553,-1.896146
1941,0.005114,-0.193553,-1.896146
1942,0.005114,-0.193553,-1.896146
1943,0.005114,-0.193553,-1.896146
1944,0.005114,-0.193553,-1.896146
1945,0.005114,-0.193553,-1.896146
1946,0.005114,-0.193553,-1.896146
1947,0.005114,-0.193553,-1.896146
1948,0.005114,-0.193553,-1.896146
1949,0.005114,-0.193553,-1.896146
1950,0.005114,-0.193553,-1.896146
1951,0.005114,-0.193553,-1.896146
1952,0.005114,-0.193553,-1.896146
1953,0.005114,-0.193553,-1.896146
1954,0.005114,-0.193553,-1.896146
1955,0.005114,-0.193553,-1.896146
1956,0.005114,-0.193553,-1.896146
1957,0.005114,-0.193553,-1.896146
1958,0.005114,-0.193553,-1.896146
1959,0.005114,-0.193553,-1.896146
1960,0.005114,-0.193553,-1.896146
1961,0.005114,-0.193553,-1.896146
1962,0.005114,-0.193553,-1.896146
1963,0.005114,-0.193553,-1.896146
1964,0.005114,-0.193553,-1.896146
1965,0.005114,-0.193553,-1.896146
1966,0.005114,-0.193553,-1.896146
1967,0.005114,-0.193553,-1.896146
1968,0.005114,-0.193553,-1.896146
1969,0.005114,-0.193553,-1.896146
1970,0.005114,-0.193553,-1.896146
1971,0.005114,-0.193553,-1.896146
1972,0.005114,-0.193553,-1.896146
1973,0.005114,-0.193553,-1.896146
1974,0.005114,-0.193553,-1.896146
1975,0.005114,-0.193553,-1.896146
1976,0.005114,-0.193553,-1.896146
1977,0.005114,-0.193553,-1.896146
1978,0.005114,-0.193553,-1.896146
1979,0.005114,-0.193553,-1.896146
1980,0.005114,-0.193553,-1.896146
1981,0.005114,-0.193553,-1.896146
1982,0.005114,-0.193553,-1.896146
1983,0.005114,-0.193553,-1.896146
1984,0.005114,-0.193553,-1.896146
1985,0.005114,-0.193553,-1.896146
1986,0.005114,-0.193553,-1.896146
1987,0.005114,-0.193553,-1.896146
1988,0.005114,-0.193553,-1.896146
1989,0.005114,-0.193553,-1.896146
1990,0.005114,-0.193553,-1.896146
1991,0.005114,-0.193553,-1.896146
1992,0.005114,-0.193553,-1.896146
1993,0.005114,-0.193553,-1.896146
1994,0.005114,-0.193553,-1.896146
1995,0.005114,-0.193553,-1.896146
1996,0.005114,-0.193553,-1.896146
1997,0.005114,-0.193553,-1.896146
1998,0.005114,-0.193553,-1.896146
1999,0.005114,-0.193553,-1.896146
2000,0.005114,-0.193553,-1.896146
2001,0.005114,-0.193553,-1.896146
2002,0.005114,-0.193553,-1.896146
2003,0.005114,-0.193553,-1.896146
2004,0.005114,-0.193553,-1.896146
2005,0.005114,-0.193553,-1.896146
2006,0.005114,-0.193553,-1.896146
2007,0.005114,-0.193553,-1.896146
2008,0.005114,-0.193553,-1.896146
2009,0.005114,-0.193553,-1.896146
2010,0.005114,-0.193553,-1.896146
2011,0.005114,-0.193553,-1.896146
2012,0.005114,-0.193553,-1.896146
2013,0.005114,-0.193553,-1.896146
2014,0.005114,-0.193553,-1.896146
2015,0.005114,-0.193553,-1.896146
2016,0.005114,-0.193553,-1.896146
2017,0.005114,-0.193553,-1.896146
2018,0.005114,-0.193553,-1.896146
2019,0.005114,-0.193553,-1.896146
2020,0.005114,-0.193553,-1.896146
2021,0.005114,-0.193553,-1.896146
2022,0.005114,-0.193553,-1.896146
2023,0.005114,-0.193553,-1.896146
2024,0.005114,-0.193553,-1.896146
2025,0.005114,-0.193553,-1.896146
2026,0.005114,-0.193553,-1.896146
2027,0.005114,-0.193553,-1.896146
2028,0.005114,-0.193553,-1.896146
2029,0.005114,-0.193553,-1.896146
2030,0.005114,-0.193553,-1.896146
2031,0.005114,-0.193553,-1.896146
2032,0.005114,-0.193553,-1.896146
2033,0.005114,-0.193553,-1.896146
2034,0.005114,-0.193553,-1.896146
2035,0.005114,-0.193553,-1.896146
2036,0.005114,-0.193553,-1.896146
2037,0.005114,-0.193553,-1.896146
2038,0.005114,-0.193553,-1.896146
2039,0.005114,-0.193553,-1.896146
2040,0.005114,-0.193553,-1.896146
2041,0.005114,-0.193553,-1.896146
2042,0.005114,-0.193553,-1.896146
2043,0.005114,-0.193553,-1.896146
2044,0.005114,-0.193553,-1.896146
2045,0.005114,-0.193553,-1.896146
2046,0.005114,-0.193553,-1.896146
2047,0.005114,-0.193553,-1.896146
2048,0.005114,-0.193553,-1.896146
2049,0.005114,-0.193553,-1.896146
2050,0.005114,-0.193553,-1.896146
2051,0.005114,-0.193553,-1.896146
2052,0.005114,-0.193553,-1.896146
2053,0.005114,-0.193553,-1.896146
2054,0.005114,-0.193553,-1.896146
2055,0.005114,-0.193553,-1.896146
2056,0.005114,-0.193553,-1.896146
2057,0.005114,-0.193553,-1.896146
2058,0.005114,-0.193553,-1.896146
2059,0.005114,-0.193553,-1.896146
2060,0.005114,-0.193553,-1.896146
2061,0.005114,-0.193553,-1.896146
2062,0.005114,-0.193553,-1.896146
2063,0.005114,-0.193553,-1.896146
2064,0.005114,-0.193553,-1.896146
2065,0.005114,-0.193553,-1.896146
2066,0.005114,-0.193553,-1.896146
2067,0.005114,-0.193553,-1.896146
2068,0.005114,-0.193553,-1.896146
2069,0.005114,-0.193553,-1.896146
2070,0.005114,-0.193553,-1.896146
2071,0.005114,-0.193553,-1.896146
2072,0.005114,-0.193553,-1.896146
2073,0.005114,-0.193553,-1.896146
2074,0.005114,-0.193553,-1.896146
2075,0.005114,-0.193553,-1.896146
2076,0.005114,-0.193553,-1.896146
2077,0.005114,-0.193553,-1.896146
2078,0.005114,-0.193553,-1.896146
2079,0.005114,-0.193553,-1.896146
2080,0.005114,-0.193553,-1.896146
2081,0.005114,-0.193553,-1.896146
2082,0.005114,-0.193553,-1.896146
2083,0.005114,-0.193553,-1.896146
2084,0.005114,-0.193553,-1.896146
2085,0.005114,-0.193553,-1.896146
2086,0.005114,-0.193553,-1.896146
2087,0.005114,-0.193553,-1.896146
2088,0.005114,-0.193553,-1.896146
2089,0.005114,-0.193553,-1.896146
2090,0.005114,-0.193553,-1.896146
2091,0.005114,-0.193553,-1.896146
2092,0.005114,-0.193553,-1.896146
2093,0.005114,-0.193553,-1.896146
2094,0.005114,-0.193553,-1.896146
2095,0.005114,-0.193553,-1.896146
2096,0.005114,-0.193553,-1.896146
2097,0.005114,-0.193553,-1.896146
2098,0.005114,-0.193553,-1.896146
2099,0.005114,-0.193553,-1.896146
2100,0.005114,-0.193553,-1.896146
2101,0.005114,-0.193553,-1.896146
2102,0.005114,-0.193553,-1.896146
2103,0.005114,-0.193553,-1.896146
2104,0.005114,-0.193553,-1.896146
2105,0.005114,-0.193553,-1.896146
2106,0.005114,-0.193553,-1.896146
2107,0.005114,-0.193553,-1.896146
2108,0.005114,-0.193553,-1.896146
2109,0.005114,-0.193553,-1.896146
2110,0.005114,-0.193553,-1.896146
2111,0.005114,-0.193553,-1.896146
2112,0.005114,-0.193553,-1.896146
2113,0.005114,-0.193553,-1.896146
2114,0.005114,-0.193553,-1.896146
2115,0.005114,-0.193553,-1.896146
2116,0.005114,-0.193553,-1.896146
2117,0.005114,-0.193553,-1.896146
2118,0.005114,-0.193553,-1.896146
2119,0.005114,-0.193553,-1.896146
2120,0.005114,-0.193553,-1.896146
2121,0.005114,-0.193553,-1.896146
2122,0.005114,-0.193553,-1.896146
2123,0.005114,-0.193553,-1.896146
2124,0.005114,-0.193553,-1.896146
2125,0.005114,-0.193553,-1.896146
2126,0.005114,-0.193553,-1.896146
2127,0.005114,-0.193553,-1.896146
2128,0.005114,-0.193553,-1.896146
2129,0.005114,-0.193553,-1.896146
2130,0.005114,-0.193553,-1.896146
2131,0.005114,-0.193553,-1.896146
2132,0.005114,-0.193553,-1.896146
2133,0.005114,-0.193553,-1.896146
2134,0.005114,-0.193553,-1.896146
2135,0.005114,-0.193553,-1.896146
2136,0.005114,-0.193553,-1.896146
2137,0.005114,-0.193553,-1.896146
2138,0.005114,-0.193553,-1.896146
2139,0.005114,-0.193553,-1.896146
2140,0.005114,-0.193553,-1.896146
2141,0.005114,-0.193553,-1.896146
2142,0.005114,-0.193553,-1.896146
2143,0.005114,-0.193553,-1.896146
2144,0.005114,-0.193553,-1.896146
2145,0.005114,-0.193553,-1.896146
2146,0.005114,-0.193553,-1.896146
2147,0.005114,-0.193553,-1.896146
2148,0.005114,-0.193553,-1.896146
2149,0.005114,-0.193553,-1.896146
2150,0.005114,-0.193553,-1.896146
2151,0.005114,-0.193553,-1.896146
2152,0.005114,-0.193553,-1.896146
2153,0.005114,-0.193553,-1.896146
2154,0.005114,-0.193553,-1.896146
2155,0.005114,-0.193553,-1.896146
2156,0.005114,-0.193553,-1.896146
2157,0.005114,-0.193553,-1.896146
2158,0.005114,-0.193553,-1.896146
2159,0.005114,-0.193553,-1.896146
2160,0.005114,-0.193553,-1.896146
2161,0.005114,-0.193553,-1.896146
2162,0.005114,-0.193553,-1.896146
2163,0.005114,-0.193553,-1.896146
2164,0.005114,-0.193553,-1.896146
2165,0.005114,-0.193553,-1.896146
2166,0.005114,-0.193553,-1.896146
2167,0.005114,-0.193553,-1.896146
2168,0.005114,-0.193553,-1.896146
2169,0.005114,-0.193553,-1.896146
2170,0.005114,-0.193553,-1.896146
2171,0.005114,-0.193553,-1.896146
2172,0.005114,-0.193553,-1.896146
2173,0.005114,-0.193553,-1.896146
2174,0.005114,-0.193553,-1.896146
2175,0.005114,-0.193553,-1.896146
2176,0.005114,-0.193553,-1.896146
2177,0.005114,-0.193553,-1.896146
2178,0.005114,-0.193553,-1.896146
2179,0.005114,-0.193553,-1.896146
2180,0.005114,-0.193553,-1.896146
2181,0.005114,-0.193553,-1.896146
2182,0.005114,-0.193553,-1.896146
2183,0.005114,-0.193553,-1.896146
2184,0.005114,-0.193553,-1.896146
2185,0.005114,-0.193553,-1.896146
2186,0.005114,-0.193553,-1.896146
2187,0.005114,-0.193553,-1.896146
2188,0.005114,-0.193553,-1.896146
2189,0.005114,-0.193553,-1.896146
2190,0.005114,-0.193553,-1.896146
2191,0.005114,-0.193553,-1.896146
2192,0.005114,-0.193553,-1.896146
2193,0.005114,-0.193553,-1.896146
2194,0.005114,-0.193553,-1.896146
2195,0.005114,-0.193553,-1.896146
2196,0.005114,-0.193553,-1.896146
2197,0.005114,-0.193553,-1.896146
2198,0.005114,-0.193553,-1.896146
2199,0.005114,-0.193553,-1.896146
2200,0.005114,-0.193553,-1.896146
2201,0.005114,-0.193553,-1.896146
2202,0.005114,-0.193553,-1.896146
2203,0.005114,-0.193553,-1.896146
2204,0.005114,-0.193553,-1.896146
2205,0.005114,-0.193553,-1.896146
2206,0.005114,-0.193553,-1.896146
2207,0.005114,-0.193553,-1.896146
2208,0.005114,-0.193553,-1.896146
2209,0.005114,-0.193553,-1.896146
2210,0.005114,-0.193553,-1.896146
2211,0.005114,-0.193553,-1.896146
2212,0.005114,-0.193553,-1.896146
2213,0.005114,-0.193553,-1.896146
2214,0.005114,-0.193553,-1.896146
2215,0.005114,-0.193553,-1.896146
2216,0.005114,-0.193553,-1.896146
2217,0.005114,-0.193553,-1.896146
2218,0.005114,-0.193553,-1.896146
2219,0.005114,-0.193553,-1.896146
2220,0.005114,-0.193553,-1.896146
2221,0.005114,-0.193553,-1.896146
2222,0.005114,-0.193553,-1.896146
2223,0.005114,-0.193553,-1.896146
2224,0.005114,-0.193553,-1.896146
2225,0.005114,-0.193553,-1.896146
2226,0.005114,-0.193553,-1.896146
2227,0.005114,-0.193553,-1.896146
2228,0.005114,-0.193553,-1.896146
2229,0.005114,-0.193553,-1.896146
2230,0.005114,-0.193553,-1.896146
2231,0.005114,-0.193553,-1.896146
2232,0.005114,-0.193553,-1.896146
2233,0.005114,-0.193553,-1.896146
2234,0.005114,-0.193553,-1.896146
2235,0.005114,-0.193553,-1.896146
2236,0.005114,-0.193553,-1.896146
2237,0.005114,-0.193553,-1.896146
2238,0.005114,-0.193553,-1.896146
2239,0.005114,-0.193553,-1.896146
2240,0.005114,-0.193553,-1.896146
2241,0.005114,-0.193553,-1.896146
2242,0.005114,-0.193553,-1.896146
2243,0.005114,-0.193553,-1.896146
2244,0.005114,-0.193553,-1.896146
2245,0.005114,-0.193553,-1.896146
2246,0.005114,-0.193553,-1.896146
2247,0.005114,-0.193553,-1.896146
2248,0.005114,-0.193553,-1.896146
2249,0.005114,-0.193553,-1.896146
2250,0.005114,-0.193553,-1.896146
2251,0.005114,-0.193553,-1.896146
2252,0.005114,-0.193553,-1.896146
2253,0.005114,-0.193553,-1.896146
2254,0.005114,-0.193553,-1.896146
2255,0.005114,-0.193553,-1.896146
2256,0.005114,-0.193553,-1.896146
2257,0.005114,-0.193553,-1.896146
2258,0.005114,-0.193553,-1.896146
2259,0.005114,-0.193553,-1.896146
2260,0.005114,-0.193553,-1.896146
2261,0.005114,-0.193553,-1.896146
2262,0.005114,-0.193553,-1.896146
2263,0.005114,-0.193553,-1.896146
2264,0.005114,-0.193553,-1.896146
2265,0.005114,-0.193553,-1.896146
2266,0.005114,-0.193553,-1.896146
2267,0.005114,-0.193553,-1.896146
2268,0.005114,-0.193553,-1.896146
2269,0.005114,-0.193553,-1.896146
2270,0.005114,-0.193553,-1.896146
2271,0.005114,-0.193553,-1.896146
2272,0.005114,-0.193553,-1.896146
2273,0.005114,-0.193553,-1.896146
2274,0.005114,-0.193553,-1.896146
2275,0.005114,-0.193553,-1.896146
2276,0.005114,-0.193553,-1.896146
2277,0.005114,-0.193553,-1.896146
2278,0.005114,-0.193553,-1.896146
2279,0.005114,-0.193553,-1.896146
2280,0.005114,-0.193553,-1.896146
2281,0.005114,-0.193553,-1.896146
2282,0.005114,-0.193553,-1.896146
2283,0.005114,-0.193553,-1.896146
2284,0.005114,-0.193553,-1.896146
2285,0.005114,-0.193553,-1.896146
2286,0.005114,-0.193553,-1.896146
2287,0.005114,-0.193553,-1.896146
2288,0.005114,-0.193553,-1.896146
2289,0.005114,-0.193553,-1.896146
2290,0.005114,-0.193553,-1.896146
2291,0.005114,-0.193553,-1.896146
2292,0.005114,-0.193553,-1.896146
2293,0.005114,-0.193553,-1.896146
2294,0.005114,-0.193553,-1.896146
2295,0.005114,-0.193553,-1.896146
2296,0.005114,-0.193553,-1.896146
2297,0.005114,-0.193553,-1.896146
2298,0.005114,-0.193553,-1.896146
2299,0.005114,-0.193553,-1.896146
2300,0.005114,-0.193553,-1.896146
2301,0.005114,-0.193553,-1.896146
2302,0.005114,-0.193553,-1.896146
2303,0.005114,-0.193553,-1.896146
2304,0.005114,-0.193553,-1.896146
2305,0.005114,-0.193553,-1.896146
2306,0.005114,-0.193553,-1.896146
2307,0.005114,-0.193553,-1.896146
2308,0.005114,-0.193553,-1.896146
2309,0.005114,-0.193553,-1.896146
2310,0.005114,-0.193553,-1.896146
2311,0.005114,-0.193553,-1.896146
2312,0.005114,-0.193553,-1.896146
2313,0.005114,-0.193553,-1.896146
2314,0.005114,-0.193553,-1.896146
2315,0.005114,-0.193553,-1.896146
2316,0.005114,-0.193553,-1.896146
2317,0.005114,-0.193553,-1.896146
2318,0.005114,-0.193553,-1.896146
2319,0.005114,-0.193553,-1.896146
2320,0.005114,-0.193553,-1.896146
2321,0.005114,-0.193553,-1.896146
2322,0.005114,-0.193553,-1.896146
2323,0.005114,-0.193553,-1.896146
2324,0.005114,-0.193553,-1.896146
2325,0.005114,-0.193553,-1.896146
2326,0.005114,-0.193553,-1.896146
2327,0.005114,-0.193553,-1.896146
2328,0.005114,-0.193553,-1.896146
2329,0.005114,-0.193553,-1.896146
2330,0.005114,-0.193553,-1.896146
2331,0.005114,-0.193553,-1.896146
2332,0.005114,-0.193553,-1.896146
2333,0.005114,-0.193553,-1.896146
2334,0.005114,-0.193553,-1.896146
2335,0.005114,-0.193553,-1.896146
2336,0.005114,-0.193553,-1.896146
2337,0.005114,-0.193553,-1.896146
2338,0.005114,-0.193553,-1.896146
2339,0.005114,-0.193553,-1.896146
2340,0.005114,-0.193553,-1.896146
2341,0.005114,-0.193553,-1.896146
2342,0.005114,-0.193553,-1.896146
2343,0.005114,-0.193553,-1.896146
2344,0.005114,-0.193553,-1.896146
2345,0.005114,-0.193553,-1.896146
2346,0.005114,-0.193553,-1.896146
2347,0.005114,-0.193553,-1.896146
2348,0.005114,-0.193553,-1.896146
2349,0.005114,-0.193553,-1.896146
2350,0.005114,-0.193553,-1.896146
2351,0.005114,-0.193553,-1.896146
2352,0.005114,-0.193553,-1.896146
2353,0.005114,-0.193553,-1.896146
2354,0.005114,-0.193553,-1.896146
2355,0.005114,-0.193553,-1.896146
2356,0.005114,-0.193553,-1.896146
2357,0.005114,-0.193553,-1.896146
2358,0.005114,-0.193553,-1.896146
2359,0.005114,-0.193553,-1.896146
2360,0.005114,-0.193553,-1.896146
2361,0.005114,-0.193553,-1.896146
2362,0.005114,-0.193553,-1.896146
2363,0.005114,-0.193553,-1.896146
2364,0.005114,-0.193553,-1.896146
2365,0.005114,-0.193553,-1.896146
2366,0.005114,-0.193553,-1.896146
2367,0.005114,-0.193553,-1.896146
2368,0.005114,-0.193553,-1.896146
2369,0.005114,-0.193553,-1.896146
2370,0.005114,-0.193553,-1.896146
2371,0.005114,-0.193553,-1.896146
2372,0.005114,-0.193553,-1.896146
2373,0.005114,-0.193553,-1.896146
2374,0.005114,-0.193553,-1.896146
2375,0.005114,-0.193553,-1.896146
2376,0.005114,-0.193553,-1.896146
2377,0.005114,-0.193553,-1.896146
2378,0.005114,-0.193553,-1.896146
2379,0.005114,-0.193553,-1.896146
2380,0.005114,-0.193553,-1.896146
2381,0.005114,-0.193553,-1.896146
2382,0.005114,-0.193553,-1.896146
2383,0.005114,-0.193553,-1.896146
2384,0.005114,-0.193553,-1.896146
2385,0.005114,-0.193553,-1.896146
2386,0.005114,-0.193553,-1.896146
2387,0.005114,-0.193553,-1.896146
2388,0.005114,-0.193553,-1.896146
2389,0.005114,-0.193553,-1.896146
2390,0.005114,-0.193553,-1.896146
2391,0.005114,-0.193553,-1.896146
2392,0.005114,-0.193553,-1.896146
2393,0.005114,-0.193553,-1.896146
2394,0.005114,-0.193553,-1.896146
2395,0.005114,-0.193553,-1.896146
2396,0.005114,-0.193553,-1.896146
2397,0.005114,-0.193553,-1.896146
2398,0.005114,-0.193553,-1.896146
2399,0.005114,-0.193553,-1.896146
2400,0.005114,-0.193553,-1.896146
2401,0.005114,-0.193553,-1.896146
2402,0.005114,-0.193553,-1.896146
2403,0.005114,-0.193553,-1.896146
2404,0.005114,-0.193553,-1.896146
2405,0.005114,-0.193553,-1.896146
2406,0.005114,-0.193553,-1.896146
2407,0.005114,-0.193553,-1.896146
2408,0.005114,-0.193553,-1.896146
2409,0.005114,-0.193553,-1.896146
2410,0.005114,-0.193553,-1.896146
2411,0.005114,-0.193553,-1.896146
2412,0.005114,-0.193553,-1.896146
2413,0.005114,-0.193553,-1.896146
2414,0.005114,-0.193553,-1.896146
2415,0.005114,-0.193553,-1.896146
2416,0.005114,-0.193553,-1.896146
2417,0.005114,-0.193553,-1.896146
2418,0.005114,-0.193553,-1.896146
2419,0.005114,-0.193553,-1.896146
2420,0.005114,-0.193553,-1.896146
2421,0.005114,-0.193553,-1.896146
2422,0.005114,-0.193553,-1.896146
2423,0.005114,-0.193553,-1.896146
2424,0.005114,-0.193553,-1.896146
2425,0.005114,-0.193553,-1.896146
2426,0.005114,-0.193553,-1.896146
2427,0.005114,-0.193553,-1.896146
2428,0.005114,-0.193553,-1.896146
2429,0.005114,-0.193553,-1.896146
2430,0.005114,-0.193553,-1.896146
2431,0.005114,-0.193553,-1.896146
2432,0.005114,-0.193553,-1.896146
2433,0.005114,-0.193553,-1.896146
2434,0.005114,-0.193553,-1.896146
2435,0.005114,-0.193553,-1.896146
2436,0.005114,-0.193553,-1.896146
2437,0.005114,-0.193553,-1.896146
2438,0.005114,-0.193553,-1.896146
2439,0.005114,-0.193553,-1.896146
2440,0.005114,-0.193553,-1.896146
2441,0.005114,-0.193553,-1.896146
2442,0.005114,-0.193553,-1.896146
2443,0.005114,-0.193553,-1.896146
2444,0.005114,-0.193553,-1.896146
2445,0.005114,-0.193553,-1.896146
2446,0.005114,-0.193553,-1.896146
2447,0.005114,-0.193553,-1.896146
2448,0.005114,-0.193553,-1.896146
2449,0.005114,-0.193553,-1.896146
2450,0.005114,-0.193553,-1.896146
2451,0.005114,-0.193553,-1.896146
2452,0.005114,-0.193553,-1.896146
2453,0.005114,-0.193553,-1.896146
2454,0.005114,-0.193553,-1.896146
2455,0.005114,-0.193553,-1.896146
2456,0.005114,-0.193553,-1.896146
2457,0.005114,-0.193553,-1.896146
2458,0.005114,-0.193553,-1.896146
2459,0.005114,-0.193553,-1.896146
2460,0.005114,-0.193553,-1.896146
2461,0.005114,-0.193553,-1.896146
2462,0.005114,-0.193553,-1.896146
2463,0.005114,-0.193553,-1.896146
2464,0.005114,-0.193553,-1.896146
2465,0.005114,-0.193553,-1.896146
2466,0.005114,-0.193553,-1.896146
2467,0.005114,-0.193553,-1.896146
2468,0.005114,-0.193553,-1.896146
2469,0.005114,-0.193553,-1.896146
2470,0.005114,-0.193553,-1.896146
2471,0.005114,-0.193553,-1.896146
2472,0.005114,-0.193553,-1.896146
2473,0.005114,-0.193553,-1.896146
2474,0.005114,-0.193553,-1.896146
2475,0.005114,-0.193553,-1.896146
2476,0.005114,-0.193553,-1.896146
2477,0.005114,-0.193553,-1.896146
2478,0.005114,-0.193553,-1.896146
2479,0.005114,-0.193553,-1.896146
2480,0.005114,-0.193553,-1.896146
2481,0.005114,-0.193553,-1.896146
2482,0.005114,-0.193553,-1.896146
2483,0.005114,-0.193553,-1.896146
2484,0.005114,-0.193553,-1.896146
2485,0.005114,-0.193553,-1.896146
2486,0.005114,-0.193553,-1.896146
2487,0.005114,-0.193553,-1.896146
2488,0.005114,-0.193553,-1.896146
2489,0.005114,-0.193553,-1.896146
2490,0.005114,-0.193553,-1.896146
2491,0.005114,-0.193553,-1.896146
2492,0.005114,-0.193553,-1.896146
2493,0.005114,-0.193553,-1.896146
2494,0.005114,-0.193553,-1.896146
2495,0.005114,-0.193553,-1.896146
2496,0.005114,-0.193553,-1.896146
2497,0.005114,-0.193553,-1.896146
2498,0.005114,-0.193553,-1.896146
2499,0.005114,-0.193553,-1.896146
2500,0.005114,-0.193553,-1.896146
2501,0.005114,-0.193553,-1.896146
2502,0.005114,-0.193553,-1.896146
2503,0.005114,-0.193553,-1.896146
2504,0.005114,-0.193553,-1.896146
2505,0.005114,-0.193553,-1.896146
2506,0.005114,-0.193553,-1.896146
2507,0.005114,-0.193553,-1.896146
2508,0.005114,-0.193553,-1.896146
2509,0.005114,-0.193553,-1.896146
2510,0.005114,-0.193553,-1.896146
2511,0.005114,-0.193553,-1.896146
2512,0.005114,-0.193553,-1.896146
2513,0.005114,-0.193553,-1.896146
2514,0.005114,-0.193553,-1.896146
2515,0.005114,-0.193553,-1.896146
2516,0.005114,-0.193553,-1.896146
2517,0.005114,-0.193553,-1.896146
2518,0.005114,-0.193553,-1.896146
2519,0.005114,-0.193553,-1.896146
2520,0.005114,-0.193553,-1.896146
2521,0.005114,-0.193553,-1.896146
2522,0.005114,-0.193553,-1.896146
2523,0.005114,-0.193553,-1.896146
2524,0.005114,-0.193553,-1.896146
2525,0.005114,-0.193553,-1.896146
2526,0.005114,-0.193553,-1.896146
2527,0.005114,-0.193553,-1.896146
2528,0.005114,-0.193553,-1.896146
2529,0.005114,-0.193553,-1.896146
2530,0.005114,-0.193553,-1.896146
2531,0.005114,-0.193553,-1.896146
2532,0.005114,-0.193553,-1.896146
2533,0.005114,-0.193553,-1.896146
2534,0.005114,-0.193553,-1.896146
2535,0.005114,-0.193553,-1.896146
2536,0.005114,-0.193553,-1.896146
2537,0.005114,-0.193553,-1.896146
2538,0.005114,-0.193553,-1.896146
2539,0.005114,-0.193553,-1.896146
2540,0.005114,-0.193553,-1.896146
2541,0.005114,-0.193553,-1.896146
2542,0.005114,-0.193553,-1.896146
2543,0.005114,-0.193553,-1.896146
2544,0.005114,-0.193553,-1.896146
2545,0.005114,-0.193553,-1.896146
2546,0.005114,-0.193553,-1.896146
2547,0.005114,-0.193553,-1.896146
2548,0.005114,-0.193553,-1.896146
2549,0.005114,-0.193553,-1.896146
2550,0.005114,-0.193553,-1.896146
2551,0.005114,-0.193553,-1.896146
2552,0.005114,-0.193553,-1.896146
2553,0.005114,-0.193553,-1.896146
2554,0.005114,-0.193553,-1.896146
2555,0.005114,-0.193553,-1.896146
2556,0.005114,-0.193553,-1.896146
2557,0.005114,-0.193553,-1.896146
2558,0.005114,-0.193553,-1.896146
2559,0.005114,-0.193553,-1.896146
2560,0.005114,-0.193553,-1.896146
2561,0.005114,-0.193553,-1.896146
2562,0.005114,-0.193553,-1.896146
2563,0.005114,-0.193553,-1.896146
2564,0.005114,-0.193553,-1.896146
2565,0.005114,-0.193553,-1.896146
2566,0.005114,-0.193553,-1.896146
2567,0.005114,-0.193553,-1.896146
2568,0.005114,-0.193553,-1.896146
2569,0.005114,-0.193553,-1.896146
2570,0.005114,-0.193553,-1.896146
2571,0.005114,-0.193553,-1.896146
2572,0.005114,-0.193553,-1.896146
2573,0.005114,-0.193553,-1.896146
2574,0.005114,-0.193553,-1.896146
2575,0.005114,-0.193553,-1.896146
2576,0.005114,-0.193553,-1.896146
2577,0.005114,-0.193553,-1.896146
2578,0.005114,-0.193553,-1.896146
2579,0.005114,-0.193553,-1.896146
2580,0.005114,-0.193553,-1.896146
2581,0.005114,-0.193553,-1.896146
2582,0.005114,-0.193553,-1.896146
2583,0.005114,-0.193553,-1.896146
2584,0.005114,-0.193553,-1.896146
2585,0.005114,-0.193553,-1.896146
2586,0.005114,-0.193553,-1.896146
2587,0.005114,-0.193553,-1.896146
2588,0.005114,-0.193553,-1.896146
2589,0.005114,-0.193553,-1.896146
2590,0.005114,-0.193553,-1.896146
2591,0.005114,-0.193553,-1.896146
2592,0.005114,-0.193553,-1.896146
2593,0.005114,-0.193553,-1.896146
2594,0.005114,-0.193553,-1.896146
2595,0.005114,-0.193553,-1.896146
2596,0.005114,-0.193553,-1.896146
2597,0.005114,-0.193553,-1.896146
2598,0.005114,-0.193553,-1.896146
2599,0.005114,-0.193553,-1.896146
2600,0.005114,-0.193553,-1.896146
2601,0.005114,-0.193553,-1.896146
2602,0.005114,-0.193553,-1.896146
2603,0.005114,-0.193553,-1.896146
2604,0.005114,-0.193553,-1.896146
2605,0.005114,-0.193553,-1.896146
2606,0.005114,-0.193553,-1.896146
2607,0.005114,-0.193553,-1.896146
2608,0.005114,-0.193553,-1.896146
2609,0.005114,-0.193553,-1.896146
2610,0.005114,-0.193553,-1.896146
2611,0.005114,-0.193553,-1.896146
2612,0.005114,-0.193553,-1.896146
2613,0.005114,-0.193553,-1.896146
2614,0.005114,-0.193553,-1.896146
2615,0.005114,-0.193553,-1.896146
2616,0.005114,-0.193553,-1.896146
2617,0.005114,-0.193553,-1.896146
2618,0.005114,-0.193553,-1.896146
2619,0.005114,-0.193553,-1.896146
2620,0.005114,-0.193553,-1.896146
2621,0.005114,-0.193553,-1.896146
2622,0.005114,-0.193553,-1.896146
2623,0.005114,-0.193553,-1.896146
2624,0.005114,-0.193553,-1.896146
2625,0.005114,-0.193553,-1.896146
2626,0.005114,-0.193553,-1.896146
2627,0.005114,-0.193553,-1.896146
2628,0.005114,-0.193553,-1.896146
2629,0.005114,-0.193553,-1.896146
2630,0.005114,-0.193553,-1.896146
2631,0.005114,-0.193553,-1.896146
2632,0.005114,-0.193553,-1.896146
2633,0.005114,-0.193553,-1.896146
2634,0.005114,-0.193553,-1.896146
2635,0.005114,-0.193553,-1.896146
2636,0.005114,-0.193553,-1.896146
2637,0.005114,-0.193553,-1.896146
2638,0.005114,-0.193553,-1.896146
2639,0.005114,-0.193553,-1.896146
2640,0.005114,-0.193553,-1.896146
2641,0.005114,-0.193553,-1.896146
2642,0.005114,-0.193553,-1.896146
2643,0.005114,-0.193553,-1.896146
2644,0.005114,-0.193553,-1.896146
2645,0.005114,-0.193553,-1.896146
2646,0.005114,-0.193553,-1.896146
2647,0.005114,-0.193553,-1.896146
2648,0.005114,-0.193553,-1.896146
2649,0.005114,-0.193553,-1.896146
2650,0.005114,-0.193553,-1.896146
2651,0.005114,-0.193553,-1.896146
2652,0.005114,-0.193553,-1.896146
2653,0.005114,-0.193553,-1.896146
2654,0.005114,-0.193553,-1.896146
2655,0.005114,-0.193553,-1.896146
2656,0.005114,-0.193553,-1.896146
2657,0.005114,-0.193553,-1.896146
2658,0.005114,-0.193553,-1.896146
2659,0.005114,-0.193553,-1.896146
2660,0.005114,-0.193553,-1.896146
2661,0.005114,-0.193553,-1.896146
2662,0.005114,-0.193553,-1.896146
2663,0.005114,-0.193553,-1.896146
2664,0.005114,-0.193553,-1.896146
2665,0.005114,-0.193553,-1.896146
2666,0.005114,-0.193553,-1.896146
2667,0.005114,-0.193553,-1.896146
2668,0.005114,-0.193553,-1.896146
2669,0.005114,-0.193553,-1.896146
2670,0.005114,-0.193553,-1.896146
2671,0.005114,-0.193553,-1.896146
2672,0.005114,-0.193553,-1.896146
2673,0.005114,-0.193553,-1.896146
2674,0.005114,-0.193553,-1.896146
2675,0.005114,-0.193553,-1.896146
2676,0.005114,-0.193553,-1.896146
2677,0.005114,-0.193553,-1.896146
2678,0.005114,-0.193553,-1.896146
2679,0.005114,-0.193553,-1.896146
2680,0.005114,-0.193553,-1.896146
2681,0.005114,-0.193553,-1.896146
2682,0.005114,-0.193553,-1.896146
2683,0.005114,-0.193553,-1.896146
2684,0.005114,-0.193553,-1.896146
2685,0.005114,-0.193553,-1.896146
2686,0.005114,-0.193553,-1.896146
2687,0.005114,-0.193553,-1.896146
2688,0.005114,-0.193553,-1.896146
2689,0.005114,-0.193553,-1.896146
2690,0.005114,-0.193553,-1.896146
2691,0.005114,-0.193553,-1.896146
2692,0.005114,-0.193553,-1.896146
2693,0.005114,-0.193553,-1.896146
2694,0.005114,-0.193553,-1.896146
2695,0.005114,-0.193553,-1.896146
2696,0.005114,-0.193553,-1.896146
2697,0.005114,-0.193553,-1.896146
2698,0.005114,-0.193553,-1.896146
2699,0.005114,-0.193553,-1.896146
2700,0.005114,-0.193553,-1.896146
2701,0.005114,-0.193553,-1.896146
2702,0.005114,-0.193553,-1.896146
2703,0.005114,-0.193553,-1.896146
2704,0.005114,-0.193553,-1.896146
2705,0.005114,-0.193553,-1.896146
2706,0.005114,-0.193553,-1.896146
2707,0.005114,-0.193553,-1.896146
2708,0.005114,-0.193553,-1.896146
2709,0.005114,-0.193553,-1.896146
2710,0.005114,-0.193553,-1.896146
2711,0.005114,-0.193553,-1.896146
2712,0.005114,-0.193553,-1.896146
2713,0.005114,-0.193553,-1.896146
2714,0.005114,-0.193553,-1.896146
2715,0.005114,-0.193553,-1.896146
2716,0.005114,-0.193553,-1.896146
2717,0.005114,-0.193553,-1.896146
2718,0.005114,-0.193553,-1.896146
2719,0.005114,-0.193553,-1.896146
2720,0.005114,-0.193553,-1.896146
2721,0.005114,-0.193553,-1.896146
2722,0.005114,-0.193553,-1.896146
2723,0.005114,-0.193553,-1.896146
2724,0.005114,-0.193553,-1.896146
2725,0.005114,-0.193553,-1.896146
2726,0.005114,-0.193553,-1.896146
2727,0.005114,-0.193553,-1.896146
2728,0.005114,-0.193553,-1.896146
2729,0.005114,-0.193553,-1.896146
2730,0.005114,-0.193553,-1.896146
2731,0.005114,-0.193553,-1.896146
2732,0.005114,-0.193553,-1.896146
2733,0.005114,-0.193553,-1.896146
2734,0.005114,-0.193553,-1.896146
2735,0.005114,-0.193553,-1.896146
2736,0.005114,-0.193553,-1.896146
2737,0.005114,-0.193553,-1.896146
2738,0.005114,-0.193553,-1.896146
2739,0.005114,-0.193553,-1.896146
2740,0.005114,-0.193553,-1.896146
2741,0.005114,-0.193553,-1.896146
2742,0.005114,-0.193553,-1.896146
2743,0.005114,-0.193553,-1.896146
2744,0.005114,-0.193553,-1.896146
2745,0.005114,-0.193553,-1.896146
2746,0.005114,-0.193553,-1.896146
2747,0.005114,-0.193553,-1.896146
2748,0.005114,-0.193553,-1.896146
2749,0.005114,-0.193553,-1.896146
2750,0.005114,-0.193553,-1.896146
2751,0.005114,-0.193553,-1.896146
2752,0.005114,-0.193553,-1.896146
2753,0.005114,-0.193553,-1.896146
2754,0.005114,-0.193553,-1.896146
2755,0.005114,-0.193553,-1.896146
2756,0.005114,-0.193553,-1.896146
2757,0.005114,-0.193553,-1.896146
2758,0.005114,-0.193553,-1.896146
2759,0.005114,-0.193553,-1.896146
2760,0.005114,-0.193553,-1.896146
2761,0.005114,-0.193553,-1.896146
2762,0.005114,-0.193553,-1.896146
2763,0.005114,-0.193553,-1.896146
2764,0.005114,-0.193553,-1.896146
2765,0.005114,-0.193553,-1.896146
2766,0.005114,-0.193553,-1.896146
2767,0.005114,-0.193553,-1.896146
2768,0.005114,-0.193553,-1.896146
2769,0.005114,-0.193553,-1.896146
2770,0.005114,-0.193553,-1.896146
2771,0.005114,-0.193553,-1.896146
2772,0.005114,-0.193553,-1.896146
2773,0.005114,-0.193553,-1.896146
2774,0.005114,-0.193553,-1.896146
2775,0.005114,-0.193553,-1.896146
2776,0.005114,-0.193553,-1.896146
2777,0.005114,-0.193553,-1.896146
2778,0.005114,-0.193553,-1.896146
2779,0.005114,-0.193553,-1.896146
2780,0.005114,-0.193553,-1.896146
2781,0.005114,-0.193553,-1.896146
2782,0.005114,-0.193553,-1.896146
2783,0.005114,-0.193553,-1.896146
2784,0.005114,-0.193553,-1.896146
2785,0.005114,-0.193553,-1.896146
2786,0.005114,-0.193553,-1.896146
2787,0.005114,-0.193553,-1.896146
2788,0.005114,-0.193553,-1.896146
2789,0.005114,-0.193553,-1.896146
2790,0.005114,-0.193553,-1.896146
2791,0.005114,-0.193553,-1.896146
2792,0.005114,-0.193553,-1.896146
2793,0.005114,-0.193553,-1.896146
2794,0.005114,-0.193553,-1.896146
2795,0.005114,-0.193553,-1.896146
2796,0.005114,-0.193553,-1.896146
2797,0.005114,-0.193553,-1.896146
2798,0.005114,-0.193553,-1.896146
2799,0.005114,-0.193553,-1.896146
2800,0.005114,-0.193553,-1.896146
2801,0.005114,-0.193553,-1.896146
2802,0.005114,-0.193553,-1.896146
2803,0.005114,-0.193553,-1.896146
2804,0.005114,-0.193553,-1.896146
2805,0.005114,-0.193553,-1.896146
2806,0.005114,-0.193553,-1.896146
2807,0.005114,-0.193553,-1.896146
2808,0.005114,-0.193553,-1.896146
2809,0.005114,-0.193553,-1.896146
2810,0.005114,-0.193553,-1.896146
2811,0.005114,-0.193553,-1.896146
2812,0.005114,-0.193553,-1.896146
2813,0.005114,-0.193553,-1.896146
2814,0.005114,-0.193553,-1.896146
2815,0.005114,-0.193553,-1.896146
2816,0.005114,-0.193553,-1.896146
2817,0.005114,-0.193553,-1.896146
2818,0.005114,-0.193553,-1.896146
2819,0.005114,-0.193553,-1.896146
2820,0.005114,-0.193553,-1.896146
2821,0.005114,-0.193553,-1.896146
2822,0.005114,-0.193553,-1.896146
2823,0.005114,-0.193553,-1.896146
2824,0.005114,-0.193553,-1.896146
2825,0.005114,-0.193553,-1.896146
2826,0.005114,-0.193553,-1.896146
2827,0.005114,-0.193553,-1.896146
2828,0.005114,-0.193553,-1.896146
2829,0.005114,-0.193553,-1.896146
2830,0.005114,-0.193553,-1.896146
2831,0.005114,-0.193553,-1.896146
2832,0.005114,-0.193553,-1.896146
2833,0.005114,-0.193553,-1.896146
2834,0.005114,-0.193553,-1.896146
2835,0.005114,-0.193553,-1.896146
2836,0.005114,-0.193553,-1.896146
2837,0.005114,-0.193553,-1.896146
2838,0.005114,-0.193553,-1.896146
2839,0.005114,-0.193553,-1.896146
2840,0.005114,-0.193553,-1.896146
2841,0.005114,-0.193553,-1.896146
2842,0.005114,-0.193553,-1.896146
2843,0.005114,-0.193553,-1.896146
2844,0.005114,-0.193553,-1.896146
2845,0.005114,-0.193553,-1.896146
2846,0.005114,-0.193553,-1.896146
2847,0.005114,-0.193553,-1.896146
2848,0.005114,-0.193553,-1.896146
2849,0.005114,-0.193553,-1.896146
2850,0.005114,-0.193553,-1.896146
2851,0.005114,-0.193553,-1.896146
2852,0.005114,-0.193553,-1.896146
2853,0.005114,-0.193553,-1.896146
2854,0.005114,-0.193553,-1.896146
2855,0.005114,-0.193553,-1.896146
2856,0.005114,-0.193553,-1.896146
2857,0.005114,-0.193553,-1.896146
2858,0.005114,-0.193553,-1.896146
2859,0.005114,-0.193553,-1.896146
2860,0.005114,-0.193553,-1.896146
2861,0.005114,-0.193553,-1.896146
2862,0.005114,-0.193553,-1.896146
2863,0.005114,-0.193553,-1.896146
2864,0.005114,-0.193553,-1.896146
2865,0.005114,-0.193553,-1.896146
2866,0.005114,-0.193553,-1.896146
2867,0.005114,-0.193553,-1.896146
2868,0.005114,-0.193553,-1.896146
2869,0.005114,-0.193553,-1.896146
2870,0.005114,-0.193553,-1.896146
2871,0.005114,-0.193553,-1.896146
2872,0.005114,-0.193553,-1.896146
2873,0.005114,-0.193553,-1.896146
2874,0.005114,-0.193553,-1.896146
2875,0.005114,-0.193553,-1.896146
2876,0.005114,-0.193553,-1.896146
2877,0.005114,-0.193553,-1.896146
2878,0.005114,-0.193553,-1.896146
2879,0.005114,-0.193553,-1.896146
2880,0.005114,-0.193553,-1.896146
2881,0.005114,-0.193553,-1.896146
2882,0.005114,-0.193553,-1.896146
2883,0.005114,-0.193553,-1.896146
2884,0.005114,-0.193553,-1.896146
2885,0.005114,-0.193553,-1.896146
2886,0.005114,-0.193553,-1.896146
2887,0.005114,-0.193553,-1.896146
2888,0.005114,-0.193553,-1.896146
2889,0.005114,-0.193553,-1.896146
2890,0.005114,-0.193553,-1.896146
2891,0.005114,-0.193553,-1.896146
2892,0.005114,-0.193553,-1.896146
2893,0.005114,-0.193553,-1.896146
2894,0.005114,-0.193553,-1.896146
2895,0.005114,-0.193553,-1.896146
2896,0.005114,-0.193553,-1.896146
2897,0.005114,-0.193553,-1.896146
2898,0.005114,-0.193553,-1.896146
2899,0.005114,-0.193553,-1.896146
2900,0.005114,-0.193553,-1.896146
2901,0.005114,-0.193553,-1.896146
2902,0.005114,-0.193553,-1.896146
2903,0.005114,-0.193553,-1.896146
2904,0.005114,-0.193553,-1.896146
2905,0.005114,-0.193553,-1.896146
2906,0.005114,-0.193553,-1.896146
2907,0.005114,-0.193553,-1.896146
2908,0.005114,-0.193553,-1.896146
2909,0.005114,-0.193553,-1.896146
2910,0.005114,-0.193553,-1.896146
2911,0.005114,-0.193553,-1.896146
2912,0.005114,-0.193553,-1.896146
2913,0.005114,-0.193553,-1.896146
2914,0.005114,-0.193553,-1.896146
2915,0.005114,-0.193553,-1.896146
2916,0.005114,-0.193553,-1.896146
2917,0.005114,-0.193553,-1.896146
2918,0.005114,-0.193553,-1.896146
2919,0.005114,-0.193553,-1.896146
2920,0.005114,-0.193553,-1.896146
2921,0.005114,-0.193553,-1.896146
2922,0.005114,-0.193553,-1.896146
2923,0.005114,-0.193553,-1.896146
2924,0.005114,-0.193553,-1.896146
2925,0.005114,-0.193553,-1.896146
2926,0.005114,-0.193553,-1.896146
2927,0.005114,-0.193553,-1.896146
2928,0.005114,-0.193553,-1.896146
2929,0.005114,-0.193553,-1.896146
2930,0.005114,-0.193553,-1.896146
2931,0.005114,-0.193553,-1.896146
2932,0.005114,-0.193553,-1.896146
2933,0.005114,-0.193553,-1.896146
2934,0.005114,-0.193553,-1.896146
2935,0.005114,-0.193553,-1.896146
2936,0.005114,-0.193553,-1.896146
2937,0.005114,-0.193553,-1.896146
2938,0.005114,-0.193553,-1.896146
2939,0.005114,-0.193553,-1.896146
2940,0.005114,-0.193553,-1.896146
2941,0.005114,-0.193553,-1.896146
2942,0.005114,-0.193553,-1.896146
2943,0.005114,-0.193553,-1.896146
2944,0.005114,-0.193553,-1.896146
2945,0.005114,-0.193553,-1.896146
2946,0.005114,-0.193553,-1.896146
2947,0.005114,-0.193553,-1.896146
2948,0.005114,-0.193553,-1.896146
2949,0.005114,-0.193553,-1.896146
2950,0.005114,-0.193553,-1.896146
2951,0.005114,-0.193553,-1.896146
2952,0.005114,-0.193553,-1.896146
2953,0.005114,-0.193553,-1.896146
2954,0.005114,-0.193553,-1.896146
2955,0.005114,-0.193553,-1.896146
2956,0.005114,-0.193553,-1.896146
2957,0.005114,-0.193553,-1.896146
2958,0.005114,-0.193553,-1.896146
2959,0.005114,-0.193553,-1.896146
2960,0.005114,-0.193553,-1.896146
2961,0.005114,-0.193553,-1.896146
2962,0.005114,-0.193553,-1.896146
2963,0.005114,-0.193553,-1.896146
2964,0.005114,-0.193553,-1.896146
2965,0.005114,-0.193553,-1.896146
2966,0.005114,-0.193553,-1.896146
2967,0.005114,-0.193553,-1.896146
2968,0.005114,-0.193553,-1.896146
2969,0.005114,-0.193553,-1.896146
2970,0.005114,-0.193553,-1.896146
2971,0.005114,-0.193553,-1.896146
2972,0.005114,-0.193553,-1.896146
2973,0.005114,-0.193553,-1.896146
2974,0.005114,-0.193553,-1.896146
2975,0.005114,-0.193553,-1.896146
2976,0.005114,-0.193553,-1.896146
2977,0.005114,-0.193553,-1.896146
2978,0.005114,-0.193553,-1.896146
2979,0.005114,-0.193553,-1.896146
2980,0.005114,-0.193553,-1.896146
2981,0.005114,-0.193553,-1.896146
2982,0.005114,-0.193553,-1.896146
2983,0.005114,-0.193553,-1.896146
2984,0.005114,-0.193553,-1.896146
2985,0.005114,-0.193553,-1.896146
2986,0.005114,-0.193553,-1.896146
2987,0.005114,-0.193553,-1.896146
2988,0.005114,-0.193553,-1.896146
2989,0.005114,-0.193553,-1.896146
2990,0.005114,-0.193553,-1.896146
2991,0.005114,-0.193553,-1.896146
2992,0.005114,-0.193553,-1.896146
2993,0.005114,-0.193553,-1.896146
2994,0.005114,-0.193553,-1.896146
2995,0.005114,-0.193553,-1.896146
2996,0.005114,-0.193553,-1.896146
2997,0.005114,-0.193553,-1.896146
2998,0.005114,-0.193553,-1.896146
2999,0.005114,-0.193553,-1.896146