
iteration,x,y,theta
0,0.000000,-0.000000,0.000000
1,2017.589722,-126.171837,-0.124909
2,2065.244141,-132.155441,-0.124909
3,2108.132812,-137.540695,-0.124909
4,2146.732910,-142.387421,-0.124909
5,2181.472900,-146.749466,-0.124909
6,2212.738770,-150.675323,-0.124909
7,2240.878174,-154.208572,-0.124909
8,2266.203613,-157.388519,-0.124909
9,2288.996582,-160.250458,-0.124909
10,2309.510254,-162.826202,-0.124909
11,2297.701904,-288.506073,-0.163615
12,2314.921387,-291.348877,-0.163615
13,2330.418945,-293.907379,-0.163615
14,2317.449463,-285.347961,5.280107
15,2317.449463,-285.347961,8.313945
16,2314.505859,-279.406403,8.313945
17,2311.856689,-274.058990,8.313945
18,2309.472656,-269.246338,8.313945
19,2307.326904,-264.914948,8.313945
20,2305.395508,-261.016663,8.313945
21,2303.657471,-257.508240,8.313945
22,2302.093262,-254.350647,8.313945
23,2300.685303,-251.508820,8.313945
24,2299.418213,-248.951172,8.313945
25,2298.277832,-246.649292,8.313945
26,2297.251709,-244.577591,8.313945
27,2296.327881,-242.713058,8.313945
28,2295.496582,-241.034988,8.313945
29,2294.748291,-239.524734,8.313945
30,2294.074951,-238.165497,8.313945
31,2293.468994,-236.942184,8.313945
32,2292.923584,-235.841187,8.313945
33,2292.432617,-234.850311,8.313945
34,2291.990967,-233.958511,8.313945
35,2291.593262,-233.155884,8.313945
36,2291.235352,-232.433533,8.313945
37,2290.913330,-231.783417,8.313945
38,2290.623535,-231.198303,8.313945
39,2290.362549,-230.671707,8.313945
40,2290.127686,-230.197769,8.313945
41,2289.916504,-229.771225,8.313945
42,2289.726318,-229.387344,8.313945
43,2289.555176,-229.041840,8.313945
44,2289.401123,-228.730881,8.313945
45,2289.262451,-228.451035,8.313945
46,2289.137695,-228.199158,8.313945
47,2289.025391,-227.972473,8.313945
48,2288.924316,-227.768463,8.313945
49,2288.833252,-227.584854,8.313945
50,2288.751465,-227.419601,8.313945
51,2288.677734,-227.270874,8.313945
52,2288.611572,-227.137024,8.313945
53,2288.551758,-227.016556,8.313945
54,2288.498047,-226.908127,8.313945
55,2288.449707,-226.810547,8.313945
56,2288.406250,-226.722733,8.313945
57,2288.367188,-226.643692,8.313945
58,2288.331787,-226.572556,8.313945
59,2288.300049,-226.508530,8.313945
60,2288.271484,-226.450912,8.313945
61,2288.245850,-226.399063,8.313945
62,2288.222656,-226.352386,8.313945
63,2288.201904,-226.310394,8.313945
64,2288.183350,-226.272583,8.313945
65,2288.166260,-226.238556,8.313945
66,2288.151123,-226.207947,8.313945
67,2288.137451,-226.180389,8.313945
68,2288.125244,-226.155579,8.313945
69,2288.114258,-226.133255,8.313945
70,2288.104248,-226.113159,8.313945
71,2288.095215,-226.095078,8.313945
72,2288.087158,-226.078812,8.313945
73,2288.080078,-226.064163,8.313945
74,2288.073486,-226.050980,8.313945
75,2288.067627,-226.039108,8.313945
76,2288.062256,-226.028427,8.313945
77,2288.057617,-226.018829,8.313945
78,2288.053223,-226.010178,8.313945
79,2288.049316,-226.002396,8.313945
80,2288.045898,-225.995392,8.313945
81,2288.042725,-225.989075,8.313945
82,2288.040039,-225.983414,8.313945
83,2288.037354,-225.978302,8.313945
84,2288.035156,-225.973709,8.313945
85,2288.033203,-225.969574,8.313945
86,2288.031250,-225.965836,8.313945
87,2288.029541,-225.962494,8.313945
88,2288.028076,-225.959488,8.313945
89,2288.026855,-225.956772,8.313945
90,2288.025635,-225.954315,8.313945
91,2288.024414,-225.952118,8.313945
92,2288.023438,-225.950150,8.313945
93,2288.022705,-225.948364,8.313945
94,2288.021729,-225.946762,8.313945
95,2288.020996,-225.945312,8.313945
96,2288.020508,-225.944031,8.313945
97,2288.019775,-225.942856,8.313945
98,2288.019287,-225.941803,8.313945
99,2288.018799,-225.940857,8.313945
100,2288.018555,-225.940018,8.313945
101,2288.018066,-225.939240,8.313945
102,2288.017822,-225.938553,8.313945
103,2288.017334,-225.937927,8.313945
104,2288.017090,-225.937378,8.313945
105,2288.016846,-225.936874,8.313945
106,2288.016602,-225.936417,8.313945
107,2288.016602,-225.936020,8.313945
108,2288.016357,-225.935654,8.313945
109,2288.016113,-225.935318,8.313945
110,2288.016113,-225.935013,8.313945
111,2288.015869,-225.934753,8.313945
112,2288.015625,-225.934509,8.313945
113,2288.015625,-225.934296,8.313945
114,2288.015625,-225.934097,8.313945
115,2288.015381,-225.933914,8.313945
116,2288.015381,-225.933762,8.313945
117,2288.015381,-225.933624,8.313945
118,2288.015137,-225.933487,8.313945
119,2288.015137,-225.933380,8.313945
120,2288.015137,-225.933273,8.313945
121,2288.015137,-225.933182,8.313945
122,2288.015137,-225.933090,8.313945
123,2288.014893,-225.933014,8.313945
124,2288.014893,-225.932953,8.313945
125,2288.014893,-225.932892,8.313945
126,2288.014893,-225.932846,8.313945
127,2288.014893,-225.932800,8.313945
128,2288.014893,-225.932755,8.313945
129,2288.014893,-225.932709,8.313945
130,2288.014893,-225.932663,8.313945
131,2288.014893,-225.932632,8.313945
132,2288.014893,-225.932602,8.313945
133,2288.014893,-225.932571,8.313945
134,2288.014893,-225.932541,8.313945
135,2288.014648,-225.932510,8.313945
136,2288.014648,-225.932495,8.313945
137,2288.014648,-225.932495,8.313945
138,2288.014648,-225.932480,8.313945
139,2288.014648,-225.932465,8.313945
140,2288.014648,-225.932465,8.313945
141,2288.014648,-225.932449,8.313945
142,2288.014648,-225.932434,8.313945
143,2288.014648,-225.932434,8.313945
144,2288.014648,-225.932434,8.313945
145,2288.014648,-225.932419,8.313945
146,2288.014648,-225.932419,8.313945
147,2288.014648,-225.932404,8.313945
148,2288.014648,-225.932404,8.313945
149,2288.014648,-225.932404,8.313945
150,2288.014648,-225.932388,8.313945
151,2288.014648,-225.932388,8.313945
152,2288.014648,-225.932388,8.313945
153,2288.014648,-225.932388,8.313945
154,2288.014648,-225.932373,8.313945
155,2288.014648,-225.932373,8.313945
156,2288.014648,-225.932373,8.313945
157,2288.014648,-225.932373,8.313945
158,2288.014648,-225.932373,8.313945
159,2288.014648,-225.932373,8.313945
160,2288.014648,-225.932373,8.313945
161,2288.014648,-225.932373,8.313945
162,2288.014648,-225.932358,8.313945
163,2288.014648,-225.932358,8.313945
164,2288.014648,-225.932358,8.313945
165,2288.014648,-225.932358,8.313945
166,2288.014648,-225.932358,8.313945
167,2288.014648,-225.932358,8.313945
168,2288.014648,-225.932358,8.313945
169,2288.014648,-225.932358,8.313945
170,2288.014648,-225.932358,8.313945
171,2288.014648,-225.932358,8.313945
172,2288.014648,-225.932358,8.313945
173,2288.014648,-225.932358,8.313945
174,2288.014648,-225.932358,8.313945
175,2288.014648,-225.932358,8.313945
176,2288.014648,-225.932358,8.313945
177,2288.014648,-225.932358,8.313945
178,2288.014648,-225.932358,8.313945
179,2288.014648,-225.932358,8.313945
180,2288.014648,-225.932358,8.313945
181,2288.014648,-225.932358,8.313945
182,2288.014648,-225.932343,8.313945
183,2288.014648,-225.932343,8.313945
184,2288.014648,-225.932343,8.313945
185,2288.014648,-225.932343,8.313945
186,2288.014648,-225.932343,8.313945
187,2288.014648,-225.932343,8.313945
188,2288.014648,-225.932343,8.313945
189,2288.014648,-225.932343,8.313945
190,2288.014648,-225.932343,8.313945
191,2288.014648,-225.932343,8.313945
192,2288.014648,-225.932343,8.313945
193,2288.014648,-225.932343,8.313945
194,2288.014648,-225.932343,8.313945
195,2288.014648,-225.932343,8.313945
196,2288.014648,-225.932343,8.313945
197,2288.014648,-225.932343,8.313945
198,2288.014648,-225.932343,8.313945
199,2288.014648,-225.932343,8.313945
200,2288.014648,-225.932343,8.313945
201,2288.014648,-225.932343,8.313945
202,2288.014648,-225.932343,8.313945
203,2288.014648,-225.932343,8.313945
204,2288.014648,-225.932343,8.313945
205,2288.014648,-225.932343,8.313945
206,2288.014648,-225.932343,8.313945
207,2288.014648,-225.932343,8.313945
208,2288.014648,-225.932343,8.313945
209,2288.014648,-225.932343,8.313945
210,2288.014648,-225.932343,8.313945
211,2288.014648,-225.932343,8.313945
212,2288.014648,-225.932343,8.313945
213,2288.014648,-225.932343,8.313945
214,2288.014648,-225.932343,8.313945
215,2288.014648,-225.932343,8.313945
216,2288.014648,-225.932343,8.313945
217,2288.014648,-225.932343,8.313945
218,2288.014648,-225.932343,8.313945
219,2288.014648,-225.932343,8.313945
220,2288.014648,-225.932343,8.313945
221,2288.014648,-225.932343,8.313945
222,2288.014648,-225.932343,8.313945
223,2288.014648,-225.932343,8.313945
224,2288.014648,-225.932343,8.313945
225,2288.014648,-225.932343,8.313945
226,2288.014648,-225.932343,8.313945
227,2288.014648,-225.932343,8.313945
228,2288.014648,-225.932343,8.313945
229,2288.014648,-225.932343,8.313945
230,2288.014648,-225.932343,8.313945
231,2288.014648,-225.932343,8.313945
232,2288.014648,-225.932343,8.313945
233,2288.014648,-225.932343,8.313945
234,2288.014648,-225.932343,8.313945
235,2288.014648,-225.932343,8.313945
236,2288.014648,-225.932343,8.313945
237,2288.014648,-225.932343,8.313945
238,2288.014648,-225.932343,8.313945
239,2288.014648,-225.932343,8.313945
240,2288.014648,-225.932343,8.313945
241,2288.014648,-225.932343,8.313945
242,2288.014648,-225.932343,8.313945
243,2288.014648,-225.932343,8.313945
244,2288.014648,-225.932343,8.313945
245,2288.014648,-225.932343,8.313945
246,2288.014648,-225.932343,8.313945
247,2288.014648,-225.932343,8.313945
248,2288.014648,-225.932343,8.313945
249,2288.014648,-225.932343,8.313945
250,2288.014648,-225.932343,8.313945
251,2288.014648,-225.932343,8.313945
252,2288.014648,-225.932343,8.313945
253,2288.014648,-225.932343,8.313945
254,2288.014648,-225.932343,8.313945
255,2288.014648,-225.932343,8.313945
256,2288.014648,-225.932343,8.313945
257,2288.014648,-225.932343,8.313945
258,2288.014648,-225.932343,8.313945
259,2288.014648,-225.932343,8.313945
260,2288.014648,-225.932343,8.313945
261,2288.014648,-225.932343,8.313945
262,2288.014648,-225.932343,8.313945
263,2288.014648,-225.932343,8.313945
264,2288.014648,-225.932343,8.313945
265,2288.014648,-225.932343,8.313945
266,2288.014648,-225.932343,8.313945
267,2288.014648,-225.932343,8.313945
268,2288.014648,-225.932343,8.313945
269,2288.014648,-225.932343,8.313945
270,2288.014648,-225.932343,8.313945
271,2288.014648,-225.932343,8.313945
272,2288.014648,-225.932343,8.313945
273,2288.014648,-225.932343,8.313945
274,2288.014648,-225.932343,8.313945
275,2288.014648,-225.932343,8.313945
276,2288.014648,-225.932343,8.313945
277,2288.014648,-225.932343,8.313945
278,2288.014648,-225.932343,8.313945
279,2288.014648,-225.932343,8.313945
280,2288.014648,-225.932343,8.313945
281,2288.014648,-225.932343,8.313945
282,2288.014648,-225.932343,8.313945
283,2288.014648,-225.932343,8.313945
284,2288.014648,-225.932343,8.313945
285,2288.014648,-225.932343,8.313945
286,2288.014648,-225.932343,8.313945
287,2288.014648,-225.932343,8.313945
288,2288.014648,-225.932343,8.313945
289,2288.014648,-225.932343,8.313945
290,2288.014648,-225.932343,8.313945
291,2288.014648,-225.932343,8.313945
292,2288.014648,-225.932343,8.313945
293,2288.014648,-225.932343,8.313945
294,2288.014648,-225.932343,8.313945
295,2288.014648,-225.932343,8.313945
296,2288.014648,-225.932343,8.313945
297,2288.014648,-225.932343,8.313945
298,2288.014648,-225.932343,8.313945
299,2288.014648,-225.932343,8.313945
300,2288.014648,-225.932343,8.313945
301,2288.014648,-225.932343,8.313945
302,2288.014648,-225.932343,8.313945
303,2288.014648,-225.932343,8.313945
304,2288.014648,-225.932343,8.313945
305,2288.014648,-225.932343,8.313945
306,2288.014648,-225.932343,8.313945
307,2288.014648,-225.932343,8.313945
308,2288.014648,-225.932343,8.313945
309,2288.014648,-225.932343,8.313945
310,2288.014648,-225.932343,8.313945
311,2288.014648,-225.932343,8.313945
312,2288.014648,-225.932343,8.313945
313,2288.014648,-225.932343,8.313945
314,2288.014648,-225.932343,8.313945
315,2288.014648,-225.932343,8.313945
316,2288.014648,-225.932343,8.313945
317,2288.014648,-225.932343,8.313945
318,2288.014648,-225.932343,8.313945
319,2288.014648,-225.932343,8.313945
320,2288.014648,-225.932343,8.313945
321,2288.014648,-225.932343,8.313945
322,2288.014648,-225.932343,8.313945
323,2288.014648,-225.932343,8.313945
324,2288.014648,-225.932343,8.313945
325,2288.014648,-225.932343,8.313945
326,2288.014648,-225.932343,8.313945
327,2288.014648,-225.932343,8.313945
328,2288.014648,-225.932343,8.313945
329,2288.014648,-225.932343,8.313945
330,2288.014648,-225.932343,8.313945
331,2288.014648,-225.932343,8.313945
332,2288.014648,-225.932343,8.313945
333,2288.014648,-225.932343,8.313945
334,2288.014648,-225.932343,8.313945
335,2288.014648,-225.932343,8.313945
336,2288.014648,-225.932343,8.313945
337,2288.014648,-225.932343,8.313945
338,2288.014648,-225.932343,8.313945
339,2288.014648,-225.932343,8.313945
340,2288.014648,-225.932343,8.313945
341,2288.014648,-225.932343,8.313945
342,2288.014648,-225.932343,8.313945
343,2288.014648,-225.932343,8.313945
344,2288.014648,-225.932343,8.313945
345,2288.014648,-225.932343,8.313945
346,2288.014648,-225.932343,8.313945
347,2288.014648,-225.932343,8.313945
348,2288.014648,-225.932343,8.313945
349,2288.014648,-225.932343,8.313945
350,2288.014648,-225.932343,8.313945
351,2288.014648,-225.932343,8.313945
352,2288.014648,-225.932343,8.313945
353,2288.014648,-225.932343,8.313945
354,2288.014648,-225.932343,8.313945
355,2288.014648,-225.932343,8.313945
356,2288.014648,-225.932343,8.313945
357,2288.014648,-225.932343,8.313945
358,2288.014648,-225.932343,8.313945
359,2288.014648,-225.932343,8.313945
360,2288.014648,-225.932343,8.313945
361,2288.014648,-225.932343,8.313945
362,2288.014648,-225.932343,8.313945
363,2288.014648,-225.932343,8.313945
364,2288.014648,-225.932343,8.313945
365,2288.014648,-225.932343,8.313945
366,2288.014648,-225.932343,8.313945
367,2288.014648,-225.932343,8.313945
368,2288.014648,-225.932343,8.313945
369,2288.014648,-225.932343,8.313945
370,2288.014648,-225.932343,8.313945
371,2288.014648,-225.932343,8.313945
372,2288.014648,-225.932343,8.313945
373,2288.014648,-225.932343,8.313945
374,2288.014648,-225.932343,8.313945
375,2288.014648,-225.932343,8.313945
376,2288.014648,-225.932343,8.313945
377,2288.014648,-225.932343,8.313945
378,2288.014648,-225.932343,8.313945
379,2288.014648,-225.932343,8.313945
380,2288.014648,-225.932343,8.313945
381,2288.014648,-225.932343,8.313945
382,2288.014648,-225.932343,8.313945
383,2288.014648,-225.932343,8.313945
384,2288.014648,-225.932343,8.313945
385,2288.014648,-225.932343,8.313945
386,2288.014648,-225.932343,8.313945
387,2288.014648,-225.932343,8.313945
388,2288.014648,-225.932343,8.313945
389,2288.014648,-225.932343,8.313945
390,2288.014648,-225.932343,8.313945
391,2288.014648,-225.932343,8.313945
392,2288.014648,-225.932343,8.313945
393,2288.014648,-225.932343,8.313945
394,2288.014648,-225.932343,8.313945
395,2288.014648,-225.932343,8.313945
396,2288.014648,-225.932343,8.313945
397,2288.014648,-225.932343,8.313945
398,2288.014648,-225.932343,8.313945
399,2288.014648,-225.932343,8.313945
400,2288.014648,-225.932343,8.313945
401,2288.014648,-225.932343,8.313945
402,2288.014648,-225.932343,8.313945
403,2288.014648,-225.932343,8.313945
404,2288.014648,-225.932343,8.313945
405,2288.014648,-225.932343,8.313945
406,2288.014648,-225.932343,8.313945
407,2288.014648,-225.932343,8.313945
408,2288.014648,-225.932343,8.313945
409,2288.014648,-225.932343,8.313945
410,2288.014648,-225.932343,8.313945
411,2288.014648,-225.932343,8.313945
412,2288.014648,-225.932343,8.313945
413,2288.014648,-225.932343,8.313945
414,2288.014648,-225.932343,8.313945
415,2288.014648,-225.932343,8.313945
416,2288.014648,-225.932343,8.313945
417,2288.014648,-225.932343,8.313945
418,2288.014648,-225.932343,8.313945
419,2288.014648,-225.932343,8.313945
420,2288.014648,-225.932343,8.313945
421,2288.014648,-225.932343,8.313945
422,2288.014648,-225.932343,8.313945
423,2288.014648,-225.932343,8.313945
424,2288.014648,-225.932343,8.313945
425,2288.014648,-225.932343,8.313945
426,2288.014648,-225.932343,8.313945
427,2288.014648,-225.932343,8.313945
428,2288.014648,-225.932343,8.313945
429,2288.014648,-225.932343,8.313945
430,2288.014648,-225.932343,8.313945
431,2288.014648,-225.932343,8.313945
432,2288.014648,-225.932343,8.313945
433,2288.014648,-225.932343,8.313945
434,2288.014648,-225.932343,8.313945
435,2288.014648,-225.932343,8.313945
436,2288.014648,-225.932343,8.313945
437,2288.014648,-225.932343,8.313945
438,2288.014648,-225.932343,8.313945
439,2288.014648,-225.932343,8.313945
440,2288.014648,-225.932343,8.313945
441,2288.014648,-225.932343,8.313945
442,2288.014648,-225.932343,8.313945
443,2288.014648,-225.932343,8.313945
444,2288.014648,-225.932343,8.313945
445,2288.014648,-225.932343,8.313945
446,2288.014648,-225.932343,8.313945
447,2288.014648,-225.932343,8.313945
448,2288.014648,-225.932343,8.313945
449,2288.014648,-225.932343,8.313945
450,2288.014648,-225.932343,8.313945
451,2288.014648,-225.932343,8.313945
452,2288.014648,-225.932343,8.313945
453,2288.014648,-225.932343,8.313945
454,2288.014648,-225.932343,8.313945
455,2288.014648,-225.932343,8.313945
456,2288.014648,-225.932343,8.313945
457,2288.014648,-225.932343,8.313945
458,2288.014648,-225.932343,8.313945
459,2288.014648,-225.932343,8.313945
460,2288.014648,-225.932343,8.313945
461,2288.014648,-225.932343,8.313945
462,2288.014648,-225.932343,8.313945
463,2288.014648,-225.932343,8.313945
464,2288.014648,-225.932343,8.313945
465,2288.014648,-225.932343,8.313945
466,2288.014648,-225.932343,8.313945
467,2288.014648,-225.932343,8.313945
468,2288.014648,-225.932343,8.313945
469,2288.014648,-225.932343,8.313945
470,2288.014648,-225.932343,8.313945
471,2288.014648,-225.932343,8.313945
472,2288.014648,-225.932343,8.313945
473,2288.014648,-225.932343,8.313945
474,2288.014648,-225.932343,8.313945
475,2288.014648,-225.932343,8.313945
476,2288.014648,-225.932343,8.313945
477,2288.014648,-225.932343,8.313945
478,2288.014648,-225.932343,8.313945
479,2288.014648,-225.932343,8.313945
480,2288.014648,-225.932343,8.313945
481,2288.014648,-225.932343,8.313945
482,2288.014648,-225.932343,8.313945
483,2288.014648,-225.932343,8.313945
484,2288.014648,-225.932343,8.313945
485,2288.014648,-225.932343,8.313945
486,2288.014648,-225.932343,8.313945
487,2288.014648,-225.932343,8.313945
488,2288.014648,-225.932343,8.313945
489,2288.014648,-225.932343,8.313945
490,2288.014648,-225.932343,8.313945
491,2288.014648,-225.932343,8.313945
492,2288.014648,-225.932343,8.313945
493,2288.014648,-225.932343,8.313945
494,2288.014648,-225.932343,8.313945
495,2288.014648,-225.932343,8.313945
496,2288.014648,-225.932343,8.313945
497,2288.014648,-225.932343,8.313945
498,2288.014648,-225.932343,8.313945
499,2288.014648,-225.932343,8.313945
500,2288.014648,-225.932343,8.313945
501,2288.014648,-225.932343,8.313945
502,2288.014648,-225.932343,8.313945
503,2288.014648,-225.932343,8.313945
504,2288.014648,-225.932343,8.313945
505,2288.014648,-225.932343,8.313945
506,2288.014648,-225.932343,8.313945
507,2288.014648,-225.932343,8.313945
508,2288.014648,-225.932343,8.313945
509,2288.014648,-225.932343,8.313945
510,2288.014648,-225.932343,8.313945
511,2288.014648,-225.932343,8.313945
512,2288.014648,-225.932343,8.313945
513,2288.014648,-225.932343,8.313945
514,2288.014648,-225.932343,8.313945
515,2288.014648,-225.932343,8.313945
516,2288.014648,-225.932343,8.313945
517,2288.014648,-225.932343,8.313945
518,2288.014648,-225.932343,8.313945
519,2288.014648,-225.932343,8.313945
520,2288.014648,-225.932343,8.313945
521,2288.014648,-225.932343,8.313945
522,2288.014648,-225.932343,8.313945
523,2288.014648,-225.932343,8.313945
524,2288.014648,-225.932343,8.313945
525,2288.014648,-225.932343,8.313945
526,2288.014648,-225.932343,8.313945
527,2288.014648,-225.932343,8.313945
528,2288.014648,-225.932343,8.313945
529,2288.014648,-225.932343,8.313945
530,2288.014648,-225.932343,8.313945
531,2288.014648,-225.932343,8.313945
532,2288.014648,-225.932343,8.313945
533,2288.014648,-225.932343,8.313945
534,2288.014648,-225.932343,8.313945
535,2288.014648,-225.932343,8.313945
536,2288.014648,-225.932343,8.313945
537,2288.014648,-225.932343,8.313945
538,2288.014648,-225.932343,8.313945
539,2288.014648,-225.932343,8.313945
540,2288.014648,-225.932343,8.313945
541,2288.014648,-225.932343,8.313945
542,2288.014648,-225.932343,8.313945
543,2288.014648,-225.932343,8.313945
544,2288.014648,-225.932343,8.313945
545,2288.014648,-225.932343,8.313945
546,2288.014648,-225.932343,8.313945
547,2288.014648,-225.932343,8.313945
548,2288.014648,-225.932343,8.313945
549,2288.014648,-225.932343,8.313945
550,2288.014648,-225.932343,8.313945
551,2288.014648,-225.932343,8.313945
552,2288.014648,-225.932343,8.313945
553,2288.014648,-225.932343,8.313945
554,2288.014648,-225.932343,8.313945
555,2288.014648,-225.932343,8.313945
556,2288.014648,-225.932343,8.313945
557,2288.014648,-225.932343,8.313945
558,2288.014648,-225.932343,8.313945
559,2288.014648,-225.932343,8.313945
560,2288.014648,-225.932343,8.313945
561,2288.014648,-225.932343,8.313945
562,2288.014648,-225.932343,8.313945
563,2288.014648,-225.932343,8.313945
564,2288.014648,-225.932343,8.313945
565,2288.014648,-225.932343,8.313945
566,2288.014648,-225.932343,8.313945
567,2288.014648,-225.932343,8.313945
568,2288.014648,-225.932343,8.313945
569,2288.014648,-225.932343,8.313945
570,2288.014648,-225.932343,8.313945
571,2288.014648,-225.932343,8.313945
572,2288.014648,-225.932343,8.313945
573,2288.014648,-225.932343,8.313945
574,2288.014648,-225.932343,8.313945
575,2288.014648,-225.932343,8.313945
576,2288.014648,-225.932343,8.313945
577,2288.014648,-225.932343,8.313945
578,2288.014648,-225.932343,8.313945
579,2288.014648,-225.932343,8.313945
580,2288.014648,-225.932343,8.313945
581,2288.014648,-225.932343,8.313945
582,2288.014648,-225.932343,8.313945
583,2288.014648,-225.932343,8.313945
584,2288.014648,-225.932343,8.313945
585,2288.014648,-225.932343,8.313945
586,2288.014648,-225.932343,8.313945
587,2288.014648,-225.932343,8.313945
588,2288.014648,-225.932343,8.313945
589,2288.014648,-225.932343,8.313945
590,2288.014648,-225.932343,8.313945
591,2288.014648,-225.932343,8.313945
592,2288.014648,-225.932343,8.313945
593,2288.014648,-225.932343,8.313945
594,2288.014648,-225.932343,8.313945
595,2288.014648,-225.932343,8.313945
596,2288.014648,-225.932343,8.313945
597,2288.014648,-225.932343,8.313945
598,2288.014648,-225.932343,8.313945
599,2288.014648,-225.932343,8.313945
600,2288.014648,-225.932343,8.313945
601,2288.014648,-225.932343,8.313945
602,2288.014648,-225.932343,8.313945
603,2288.014648,-225.932343,8.313945
604,2288.014648,-225.932343,8.313945
605,2288.014648,-225.932343,8.313945
606,2288.014648,-225.932343,8.313945
607,2288.014648,-225.932343,8.313945
608,2288.014648,-225.932343,8.313945
609,2288.014648,-225.932343,8.313945
610,2288.014648,-225.932343,8.313945
611,2288.014648,-225.932343,8.313945
612,2288.014648,-225.932343,8.313945
613,2288.014648,-225.932343,8.313945
614,2288.014648,-225.932343,8.313945
615,2288.014648,-225.932343,8.313945
616,2288.014648,-225.932343,8.313945
617,2288.014648,-225.932343,8.313945
618,2288.014648,-225.932343,8.313945
619,2288.014648,-225.932343,8.313945
620,2288.014648,-225.932343,8.313945
621,2288.014648,-225.932343,8.313945
622,2288.014648,-225.932343,8.313945
623,2288.014648,-225.932343,8.313945
624,2288.014648,-225.932343,8.313945
625,2288.014648,-225.932343,8.313945
626,2288.014648,-225.932343,8.313945
627,2288.014648,-225.932343,8.313945
628,2288.014648,-225.932343,8.313945
629,2288.014648,-225.932343,8.313945
630,2288.014648,-225.932343,8.313945
631,2288.014648,-225.932343,8.313945
632,2288.014648,-225.932343,8.313945
633,2288.014648,-225.932343,8.313945
634,2288.014648,-225.932343,8.313945
635,2288.014648,-225.932343,8.313945
636,2288.014648,-225.932343,8.313945
637,2288.014648,-225.932343,8.313945
638,2288.014648,-225.932343,8.313945
639,2288.014648,-225.932343,8.313945
640,2288.014648,-225.932343,8.313945
641,2288.014648,-225.932343,8.313945
642,2288.014648,-225.932343,8.313945
643,2288.014648,-225.932343,8.313945
644,2288.014648,-225.932343,8.313945
645,2288.014648,-225.932343,8.313945
646,2288.014648,-225.932343,8.313945
647,2288.014648,-225.932343,8.313945
648,2288.014648,-225.932343,8.313945
649,2288.014648,-225.932343,8.313945
650,2288.014648,-225.932343,8.313945
651,2288.014648,-225.932343,8.313945
652,2288.014648,-225.932343,8.313945
653,2288.014648,-225.932343,8.313945
654,2288.014648,-225.932343,8.313945
655,2288.014648,-225.932343,8.313945
656,2288.014648,-225.932343,8.313945
657,2288.014648,-225.932343,8.313945
658,2288.014648,-225.932343,8.313945
659,2288.014648,-225.932343,8.313945
660,2288.014648,-225.932343,8.313945
661,2288.014648,-225.932343,8.313945
662,2288.014648,-225.932343,8.313945
663,2288.014648,-225.932343,8.313945
664,2288.014648,-225.932343,8.313945
665,2288.014648,-225.932343,8.313945
666,2288.014648,-225.932343,8.313945
667,2288.014648,-225.932343,8.313945
668,2288.014648,-225.932343,8.313945
669,2288.014648,-225.932343,8.313945
670,2288.014648,-225.932343,8.313945
671,2288.014648,-225.932343,8.313945
672,2288.014648,-225.932343,8.313945
673,2288.014648,-225.932343,8.313945
674,2288.014648,-225.932343,8.313945
675,2288.014648,-225.932343,8.313945
676,2288.014648,-225.932343,8.313945
677,2288.014648,-225.932343,8.313945
678,2288.014648,-225.932343,8.313945
679,2288.014648,-225.932343,8.313945
680,2288.014648,-225.932343,8.313945
681,2288.014648,-225.932343,8.313945
682,2288.014648,-225.932343,8.313945
683,2288.014648,-225.932343,8.313945
684,2288.014648,-225.932343,8.313945
685,2288.014648,-225.932343,8.313945
686,2288.014648,-225.932343,8.313945
687,2288.014648,-225.932343,8.313945
688,2288.014648,-225.932343,8.313945
689,2288.014648,-225.932343,8.313945
690,2288.014648,-225.932343,8.313945
691,2288.014648,-225.932343,8.313945
692,2288.014648,-225.932343,8.313945
693,2288.014648,-225.932343,8.313945
694,2288.014648,-225.932343,8.313945
695,2288.014648,-225.932343,8.313945
696,2288.014648,-225.932343,8.313945
697,2288.014648,-225.932343,8.313945
698,2288.014648,-225.932343,8.313945
699,2288.014648,-225.932343,8.313945
700,2288.014648,-225.932343,8.313945
701,2288.014648,-225.932343,8.313945
702,2288.014648,-225.932343,8.313945
703,2288.014648,-225.932343,8.313945
704,2288.014648,-225.932343,8.313945
705,2288.014648,-225.932343,8.313945
706,2288.014648,-225.932343,8.313945
707,2288.014648,-225.932343,8.313945
708,2288.014648,-225.932343,8.313945
709,2288.014648,-225.932343,8.313945
710,2288.014648,-225.932343,8.313945
711,2288.014648,-225.932343,8.313945
712,2288.014648,-225.932343,8.313945
713,2288.014648,-225.932343,8.313945
714,2288.014648,-225.932343,8.313945
715,2288.014648,-225.932343,8.313945
716,2288.014648,-225.932343,8.313945
717,2288.014648,-225.932343,8.313945
718,2288.014648,-225.932343,8.313945
719,2288.014648,-225.932343,8.313945
720,2288.014648,-225.932343,8.313945
721,2288.014648,-225.932343,8.313945
722,2288.014648,-225.932343,8.313945
723,2288.014648,-225.932343,8.313945
724,2288.014648,-225.932343,8.313945
725,2288.014648,-225.932343,8.313945
726,2288.014648,-225.932343,8.313945
727,2288.014648,-225.932343,8.313945
728,2288.014648,-225.932343,8.313945
729,2288.014648,-225.932343,8.313945
730,2288.014648,-225.932343,8.313945
731,2288.014648,-225.932343,8.313945
732,2288.014648,-225.932343,8.313945
733,2288.014648,-225.932343,8.313945
734,2288.014648,-225.932343,8.313945
735,2288.014648,-225.932343,8.313945
736,2288.014648,-225.932343,8.313945
737,2288.014648,-225.932343,8.313945
738,2288.014648,-225.932343,8.313945
739,2288.014648,-225.932343,8.313945
740,2288.014648,-225.932343,8.313945
741,2288.014648,-225.932343,8.313945
742,2288.014648,-225.932343,8.313945
743,2288.014648,-225.932343,8.313945
744,2288.014648,-225.932343,8.313945
745,2288.014648,-225.932343,8.313945
746,2288.014648,-225.932343,8.313945
747,2288.014648,-225.932343,8.313945
748,2288.014648,-225.932343,8.313945
749,2288.014648,-225.932343,8.313945
750,2288.014648,-225.932343,8.313945
751,2288.014648,-225.932343,8.313945
752,2288.014648,-225.932343,8.313945
753,2288.014648,-225.932343,8.313945
754,2288.014648,-225.932343,8.313945
755,2288.014648,-225.932343,8.313945
756,2288.014648,-225.932343,8.313945
757,2288.014648,-225.932343,8.313945
758,2288.014648,-225.932343,8.313945
759,2288.014648,-225.932343,8.313945
760,2288.014648,-225.932343,8.313945
761,2288.014648,-225.932343,8.313945
762,2288.014648,-225.932343,8.313945
763,2288.014648,-225.932343,8.313945
764,2288.014648,-225.932343,8.313945
765,2288.014648,-225.932343,8.313945
766,2288.014648,-225.932343,8.313945
767,2288.014648,-225.932343,8.313945
768,2288.014648,-225.932343,8.313945
769,2288.014648,-225.932343,8.313945
770,2288.014648,-225.932343,8.313945
771,2288.014648,-225.932343,8.313945
772,2288.014648,-225.932343,8.313945
773,2288.014648,-225.932343,8.313945
774,2288.014648,-225.932343,8.313945
775,2288.014648,-225.932343,8.313945
776,2288.014648,-225.932343,8.313945
777,2288.014648,-225.932343,8.313945
778,2288.014648,-225.932343,8.313945
779,2288.014648,-225.932343,8.313945
780,2288.014648,-225.932343,8.313945
781,2288.014648,-225.932343,8.313945
782,2288.014648,-225.932343,8.313945
783,2288.014648,-225.932343,8.313945
784,2288.014648,-225.932343,8.313945
785,2288.014648,-225.932343,8.313945
786,2288.014648,-225.932343,8.313945
787,2288.014648,-225.932343,8.313945
788,2288.014648,-225.932343,8.313945
789,2288.014648,-225.932343,8.313945
790,2288.014648,-225.932343,8.313945
791,2288.014648,-225.932343,8.313945
792,2288.014648,-225.932343,8.313945
793,2288.014648,-225.932343,8.313945
794,2288.014648,-225.932343,8.313945
795,2288.014648,-225.932343,8.313945
796,2288.014648,-225.932343,8.313945
797,2288.014648,-225.932343,8.313945
798,2288.014648,-225.932343,8.313945
799,2288.014648,-225.932343,8.313945
800,2288.014648,-225.932343,8.313945
801,2288.014648,-225.932343,8.313945
802,2288.014648,-225.932343,8.313945
803,2288.014648,-225.932343,8.313945
804,2288.014648,-225.932343,8.313945
805,2288.014648,-225.932343,8.313945
806,2288.014648,-225.932343,8.313945
807,2288.014648,-225.932343,8.313945
808,2288.014648,-225.932343,8.313945
809,2288.014648,-225.932343,8.313945
810,2288.014648,-225.932343,8.313945
811,2288.014648,-225.932343,8.313945
812,2288.014648,-225.932343,8.313945
813,2288.014648,-225.932343,8.313945
814,2288.014648,-225.932343,8.313945
815,2288.014648,-225.932343,8.313945
816,2288.014648,-225.932343,8.313945
817,2288.014648,-225.932343,8.313945
818,2288.014648,-225.932343,8.313945
819,2288.014648,-225.932343,8.313945
820,2288.014648,-225.932343,8.313945
821,2288.014648,-225.932343,8.313945
822,2288.014648,-225.932343,8.313945
823,2288.014648,-225.932343,8.313945
824,2288.014648,-225.932343,8.313945
825,2288.014648,-225.932343,8.313945
826,2288.014648,-225.932343,8.313945
827,2288.014648,-225.932343,8.313945
828,2288.014648,-225.932343,8.313945
829,2288.014648,-225.932343,8.313945
830,2288.014648,-225.932343,8.313945
831,2288.014648,-225.932343,8.313945
832,2288.014648,-225.932343,8.313945
833,2288.014648,-225.932343,8.313945
834,2288.014648,-225.932343,8.313945
835,2288.014648,-225.932343,8.313945
836,2288.014648,-225.932343,8.313945
837,2288.014648,-225.932343,8.313945
838,2288.014648,-225.932343,8.313945
839,2288.014648,-225.932343,8.313945
840,2288.014648,-225.932343,8.313945
841,2288.014648,-225.932343,8.313945
842,2288.014648,-225.932343,8.313945
843,2288.014648,-225.932343,8.313945
844,2288.014648,-225.932343,8.313945
845,2288.014648,-225.932343,8.313945
846,2288.014648,-225.932343,8.313945
847,2288.014648,-225.932343,8.313945
848,2288.014648,-225.932343,8.313945
849,2288.014648,-225.932343,8.313945
850,2288.014648,-225.932343,8.313945
851,2288.014648,-225.932343,8.313945
852,2288.014648,-225.932343,8.313945
853,2288.014648,-225.932343,8.313945
854,2288.014648,-225.932343,8.313945
855,2288.014648,-225.932343,8.313945
856,2288.014648,-225.932343,8.313945
857,2288.014648,-225.932343,8.313945
858,2288.014648,-225.932343,8.313945
859,2288.014648,-225.932343,8.313945
860,2288.014648,-225.932343,8.313945
861,2288.014648,-225.932343,8.313945
862,2288.014648,-225.932343,8.313945
863,2288.014648,-225.932343,8.313945
864,2288.014648,-225.932343,8.313945
865,2288.014648,-225.932343,8.313945
866,2288.014648,-225.932343,8.313945
867,2288.014648,-225.932343,8.313945
868,2288.014648,-225.932343,8.313945
869,2288.014648,-225.932343,8.313945
870,2288.014648,-225.932343,8.313945
871,2288.014648,-225.932343,8.313945
872,2288.014648,-225.932343,8.313945
873,2288.014648,-225.932343,8.313945
874,2288.014648,-225.932343,8.313945
875,2288.014648,-225.932343,8.313945
876,2288.014648,-225.932343,8.313945
877,2288.014648,-225.932343,8.313945
878,2288.014648,-225.932343,8.313945
879,2288.014648,-225.932343,8.313945
880,2288.014648,-225.932343,8.313945
881,2288.014648,-225.932343,8.313945
882,2288.014648,-225.932343,8.313945
883,2288.014648,-225.932343,8.313945
884,2288.014648,-225.932343,8.313945
885,2288.014648,-225.932343,8.313945
886,2288.014648,-225.932343,8.313945
887,2288.014648,-225.932343,8.313945
888,2288.014648,-225.932343,8.313945
889,2288.014648,-225.932343,8.313945
890,2288.014648,-225.932343,8.313945
891,2288.014648,-225.932343,8.313945
892,2288.014648,-225.932343,8.313945
893,2288.014648,-225.932343,8.313945
894,2288.014648,-225.932343,8.313945
895,2288.014648,-225.932343,8.313945
896,2288.014648,-225.932343,8.313945
897,2288.014648,-225.932343,8.313945
898,2288.014648,-225.932343,8.313945
899,2288.014648,-225.932343,8.313945
900,2288.014648,-225.932343,8.313945
901,2288.014648,-225.932343,8.313945
902,2288.014648,-225.932343,8.313945
903,2288.014648,-225.932343,8.313945
904,2288.014648,-225.932343,8.313945
905,2288.014648,-225.932343,8.313945
906,2288.014648,-225.932343,8.313945
907,2288.014648,-225.932343,8.313945
908,2288.014648,-225.932343,8.313945
909,2288.014648,-225.932343,8.313945
910,2288.014648,-225.932343,8.313945
911,2288.014648,-225.932343,8.313945
912,2288.014648,-225.932343,8.313945
913,2288.014648,-225.932343,8.313945
914,2288.014648,-225.932343,8.313945
915,2288.014648,-225.932343,8.313945
916,2288.014648,-225.932343,8.313945
917,2288.014648,-225.932343,8.313945
918,2288.014648,-225.932343,8.313945
919,2288.014648,-225.932343,8.313945
920,2288.014648,-225.932343,8.313945
921,2288.014648,-225.932343,8.313945
922,2288.014648,-225.932343,8.313945
923,2288.014648,-225.932343,8.313945
924,2288.014648,-225.932343,8.313945
925,2288.014648,-225.932343,8.313945
926,2288.014648,-225.932343,8.313945
927,2288.014648,-225.932343,8.313945
928,2288.014648,-225.932343,8.313945
929,2288.014648,-225.932343,8.313945
930,2288.014648,-225.932343,8.313945
931,2288.014648,-225.932343,8.313945
932,2288.014648,-225.932343,8.313945
933,2288.014648,-225.932343,8.313945
934,2288.014648,-225.932343,8.313945
935,2288.014648,-225.932343,8.313945
936,2288.014648,-225.932343,8.313945
937,2288.014648,-225.932343,8.313945
938,2288.014648,-225.932343,8.313945
939,2288.014648,-225.932343,8.313945
940,2288.014648,-225.932343,8.313945
941,2288.014648,-225.932343,8.313945
942,2288.014648,-225.932343,8.313945
943,2288.014648,-225.932343,8.313945
944,2288.014648,-225.932343,8.313945
945,2288.014648,-225.932343,8.313945
946,2288.014648,-225.932343,8.313945
947,2288.014648,-225.932343,8.313945
948,2288.014648,-225.932343,8.313945
949,2288.014648,-225.932343,8.313945
950,2288.014648,-225.932343,8.313945
951,2288.014648,-225.932343,8.313945
952,2288.014648,-225.932343,8.313945
953,2288.014648,-225.932343,8.313945
954,2288.014648,-225.932343,8.313945
955,2288.014648,-225.932343,8.313945
956,2288.014648,-225.932343,8.313945
957,2288.014648,-225.932343,8.313945
958,2288.014648,-225.932343,8.313945
959,2288.014648,-225.932343,8.313945
960,2288.014648,-225.932343,8.313945
961,2288.014648,-225.932343,8.313945
962,2288.014648,-225.932343,8.313945
963,2288.014648,-225.932343,8.313945
964,2288.014648,-225.932343,8.313945
965,2288.014648,-225.932343,8.313945
966,2288.014648,-225.932343,8.313945
967,2288.014648,-225.932343,8.313945
968,2288.014648,-225.932343,8.313945
969,2288.014648,-225.932343,8.313945
970,2288.014648,-225.932343,8.313945
971,2288.014648,-225.932343,8.313945
972,2288.014648,-225.932343,8.313945
973,2288.014648,-225.932343,8.313945
974,2288.014648,-225.932343,8.313945
975,2288.014648,-225.932343,8.313945
976,2288.014648,-225.932343,8.313945
977,2288.014648,-225.932343,8.313945
978,2288.014648,-225.932343,8.313945
979,2288.014648,-225.932343,8.313945
980,2288.014648,-225.932343,8.313945
981,2288.014648,-225.932343,8.313945
982,2288.014648,-225.932343,8.313945
983,2288.014648,-225.932343,8.313945
984,2288.014648,-225.932343,8.313945
985,2288.014648,-225.932343,8.313945
986,2288.014648,-225.932343,8.313945
987,2288.014648,-225.932343,8.313945
988,2288.014648,-225.932343,8.313945
989,2288.014648,-225.932343,8.313945
990,2288.014648,-225.932343,8.313945
991,2288.014648,-225.932343,8.313945
992,2288.014648,-225.932343,8.313945
993,2288.014648,-225.932343,8.313945
994,2288.014648,-225.932343,8.313945
995,2288.014648,-225.932343,8.313945
996,2288.014648,-225.932343,8.313945
997,2288.014648,-225.932343,8.313945
998,2288.014648,-225.932343,8.313945
999,2288.014648,-225.932343,8.313945